0;22;0;0;21;0;0;0;18;0;0;0;0;17;0;0;17;21;30;0;0;20;0;17;29;0;0;0;0;0;0;0;0;25;25;0;28;0;17;0;0;0;0;0;0;0;25;0;25;0;0;0;0;0;26;0;0;0;0;0;0;0;0;0;false;0;Adolf Anderssen vs. G Lepge, Leipzig, 1855;Source: http://www.wtharvey.com/m8n3.html
21;0;0;0;0;18;0;0;17;17;17;20;0;25;17;0;0;0;19;17;0;0;0;17;0;0;20;0;0;0;0;0;0;0;28;0;0;28;19;22;0;0;27;0;0;0;0;0;25;25;0;0;30;0;25;25;0;0;0;0;29;29;0;26;false;0;Rudolf Charousek vs. J Wollner, Kaschau, 1893;Source: http://www.wtharvey.com/m8n3.html
0;0;0;0;0;0;21;18;17;0;22;0;0;17;0;0;0;0;17;0;0;20;0;25;0;17;0;0;17;27;0;0;0;0;0;0;25;0;30;0;0;0;25;25;0;0;0;0;25;25;28;0;0;0;0;0;0;0;26;0;0;0;0;29;false;0;Capablanca vs TA Carter, St. Louis, 1909;Source: http://www.wtharvey.com/m8n3.html
0;18;0;21;0;0;0;0;0;0;0;20;0;17;0;0;30;25;0;20;0;0;0;17;0;17;0;17;0;0;0;0;0;0;0;25;0;0;17;27;0;29;0;0;0;0;25;0;26;25;25;22;0;25;25;0;0;0;0;0;21;0;0;29;false;0;Emanuel Lasker vs Frank Marshall, St Petersburg, 1914;Source: http://www.wtharvey.com/m8n3.html
0;0;0;0;29;19;18;0;17;21;0;0;0;17;17;17;0;17;0;0;0;22;0;0;0;0;0;0;0;27;30;0;0;0;17;0;0;0;0;0;0;0;0;0;0;0;0;0;25;0;0;0;0;25;25;25;0;0;0;0;0;0;26;0;false;0;Alexander Alekhine vs. Freeman, New York, 1924;Source: http://www.wtharvey.com/m8n3.html
0;0;0;0;0;0;21;0;0;0;0;0;0;0;21;18;17;22;0;25;0;0;0;0;0;17;0;0;17;0;17;28;0;0;17;0;25;0;0;30;0;0;25;0;0;0;29;25;25;25;0;0;0;0;25;26;0;0;0;0;0;0;0;0;false;0;Alexander Alekhine vs. K Meck, Basel, 1925;Source: http://www.wtharvey.com/m8n3.html
21;0;20;0;21;0;18;22;17;17;17;19;17;17;0;17;0;19;0;0;0;0;17;28;0;0;0;0;0;0;0;0;0;0;0;0;27;0;0;25;0;28;25;0;0;0;0;0;25;25;0;0;30;25;25;0;29;0;0;0;26;0;0;29;false;0;Johannes Addicks vs. Mladen Gudjev, Prague, 1931;Source: http://www.wtharvey.com/m8n3.html
21;19;20;22;0;20;0;21;17;17;0;0;0;0;18;17;0;0;0;0;0;19;17;0;0;0;0;0;17;0;0;30;0;0;28;27;0;29;0;0;0;0;0;0;28;0;0;0;25;25;25;27;0;0;25;25;29;0;0;0;0;0;26;0;false;0;Paul Keres vs. Verbak, Corres, 1932;Source: http://www.wtharvey.com/m8n3.html
21;0;0;22;18;20;30;0;17;20;0;19;0;0;17;0;0;0;17;0;0;21;0;0;0;0;0;0;0;27;0;17;25;17;0;25;0;0;0;27;0;0;0;0;25;0;0;0;0;25;0;0;0;25;25;25;0;0;29;0;0;29;26;0;false;0;JR Capablanca vs. Gunnar Friedmann, Cuernavaca, 1933;Source: http://www.wtharvey.com/m8n3.html
0;0;0;0;0;0;0;29;0;0;0;0;0;21;17;0;0;0;17;0;21;0;18;0;0;0;22;0;0;0;0;0;0;0;0;0;17;25;0;30;0;0;0;0;25;0;0;0;0;0;0;0;0;25;26;0;0;0;0;0;0;0;0;29;false;0;Karl Ahues vs Gerhard Weissgerber, Germany, 1935;Source: http://www.wtharvey.com/m8n3.html
29;0;0;0;0;0;0;29;0;21;0;0;0;17;17;0;0;0;0;0;17;0;18;17;0;0;0;17;25;0;0;0;0;21;0;0;22;25;25;0;0;0;0;0;0;0;0;25;0;25;0;30;0;0;0;26;0;0;0;0;0;0;0;0;false;0;Bernstein vs Kotov, Groningen, 1946;Source: http://www.wtharvey.com/m8n3.html
0;0;0;0;21;0;18;0;17;29;0;0;0;17;17;0;0;19;0;0;0;25;0;17;22;0;0;17;0;0;0;0;0;0;0;0;0;27;0;25;25;0;21;30;17;25;0;0;0;0;0;0;0;0;0;0;0;0;28;0;0;29;26;0;false;0;David Bronstein vs Efim Geller, Moscow, 1961;Source: http://www.wtharvey.com/m8n3.html
0;0;0;21;18;20;0;21;17;17;19;0;0;17;17;0;0;22;17;0;17;0;0;17;0;0;0;0;25;0;0;0;0;0;25;0;0;0;0;25;0;0;0;30;0;0;27;0;25;25;0;28;0;25;25;0;0;26;0;29;0;0;0;29;false;0;Marco Piccardo vs. Piranty, Corres, 1961;Source: http://www.wtharvey.com/m8n3.html
0;0;0;0;19;21;18;0;21;29;0;0;0;0;0;17;0;0;0;0;17;19;17;30;0;0;0;0;17;0;27;0;0;0;17;0;27;0;0;0;0;0;0;0;0;0;25;0;22;0;0;0;0;25;0;25;0;0;0;0;29;0;26;0;false;0;Michael Haygarth vs. Gerald Bennett, England, 1974;Source: http://www.wtharvey.com/m8n3.html
21;0;19;0;18;20;21;0;17;17;22;0;17;27;0;0;0;0;17;0;25;19;0;17;0;0;25;17;0;0;0;30;0;0;0;25;0;0;0;25;0;0;0;0;0;0;0;0;25;25;0;0;0;25;0;0;29;0;28;0;26;0;0;29;false;0;Nigmadzianov vs. Leonid Kaplun, URS, 1977;Source: http://www.wtharvey.com/m8n3.html
0;0;0;21;0;0;0;21;17;0;17;22;17;17;20;17;0;18;27;0;0;0;17;0;0;0;17;19;25;0;0;0;30;0;0;0;0;0;20;0;0;27;25;0;0;0;0;0;25;25;0;0;0;25;25;25;29;0;28;0;0;29;26;0;false;0;H Strickert vs. Hausius, DDR, 1985;Source: http://www.wtharvey.com/m8n3.html
0;0;0;0;21;0;0;18;0;0;0;0;29;0;17;17;0;0;0;0;0;0;0;27;17;0;0;0;0;0;0;19;22;17;0;0;0;0;0;0;0;0;0;0;0;0;30;25;0;0;0;0;0;25;25;26;0;0;0;0;0;0;0;0;false;0;John Nunn vs. Miroslaw Sarwinski, Naleczow, 1987;Source: http://www.wtharvey.com/m8n3.html
0;22;0;0;0;21;0;18;0;0;0;0;0;17;17;0;0;0;0;17;0;27;0;17;0;0;0;25;0;0;27;30;19;0;25;0;0;0;0;0;0;0;0;0;0;0;0;25;21;0;0;0;0;25;25;0;0;0;0;0;0;29;26;0;false;0;Mark Hebden vs. Jean Pichon, Cappelle la Grande, 1990;Source: http://www.wtharvey.com/m8n3.html
0;19;0;0;21;0;0;0;0;0;0;0;22;0;18;0;0;0;0;17;0;0;17;0;0;0;0;28;0;0;25;0;0;0;0;0;0;30;0;0;0;0;0;0;0;0;0;29;0;20;0;0;0;27;0;0;0;0;0;0;0;0;26;0;false;0;Alexey Aleksandrov vs. Dimitri Reinderman, Sas Van Gent, 1992;Source: http://www.wtharvey.com/m8n3.html
0;0;20;22;0;18;0;21;21;0;0;0;0;0;17;17;17;0;0;20;0;25;19;0;0;17;0;30;0;0;0;0;0;0;0;25;0;0;0;0;0;28;0;0;0;0;0;0;25;25;0;0;0;25;25;25;0;0;29;0;29;0;26;0;false;0;Michael Adams vs. Sherhard, London, 1993;Source: http://www.wtharvey.com/m8n3.html
0;0;0;0;0;0;0;0;0;0;18;0;0;21;0;0;17;17;0;0;0;0;0;0;0;0;17;0;29;0;27;17;0;0;0;0;0;0;17;19;0;0;0;0;0;0;0;0;25;21;0;0;0;0;28;0;0;0;0;29;0;0;0;26;false;0;Michael Adams vs. Jeroen Piket, Wijk aan Zee, 1993;Source: http://www.wtharvey.com/m8n3.html
21;0;0;0;21;0;0;0;17;17;17;0;0;0;0;17;0;0;20;22;0;0;27;18;0;0;0;0;0;0;0;0;0;25;25;0;0;0;0;0;25;0;28;0;0;0;30;0;0;0;0;0;0;0;25;25;0;0;0;0;29;0;26;0;false;0;Michal Krasenkow vs. Oleg Nikolenko, Lubniewice, 1994;Source: http://www.wtharvey.com/m8n3.html
21;19;0;22;0;0;0;0;17;0;0;0;17;17;0;0;0;17;0;0;0;18;0;0;0;0;17;20;0;17;0;0;0;0;0;0;0;30;0;0;0;25;27;25;0;0;25;0;25;0;0;0;25;25;0;0;29;0;0;0;26;0;0;0;false;0;Ketevan Arakhamia-Grant vs. Rodriguez Lopez, Sevilla, 1994;Source: http://www.wtharvey.com/m8n3.html
0;0;0;0;21;18;0;0;17;0;0;0;0;0;17;0;0;17;0;0;25;0;0;27;0;0;0;0;0;0;0;29;19;25;0;0;0;0;0;25;0;0;0;0;0;25;30;0;20;0;0;0;0;0;0;26;22;0;0;0;0;0;0;0;false;0;Ivanchuk vs Dorfman, Cap d'Agde, 1998;Source: http://www.wtharvey.com/m8n3.html
21;19;20;22;21;0;18;0;17;17;17;0;0;0;17;0;0;0;0;0;17;29;0;17;0;0;0;0;17;0;0;30;0;0;0;25;0;0;0;0;28;0;25;28;0;0;0;0;25;0;25;0;0;0;25;25;29;0;0;0;0;0;26;0;false;0;Manfred Herzog vs. Udo Helscher, Wiesbaden, 1998;Source: http://www.wtharvey.com/m8n3.html
21;0;0;0;0;0;0;0;0;0;0;20;20;0;18;17;22;0;0;0;0;17;0;27;0;17;19;25;17;0;19;17;0;0;17;0;0;0;0;30;0;0;25;0;0;0;0;0;0;25;28;0;0;0;25;0;0;0;28;0;0;29;26;0;false;0;Magnus Carlsen vs. Hans Harestad, Copenhagen, 2003;Source: http://www.wtharvey.com/m8n3.html
0;0;0;29;0;0;0;0;0;0;30;0;0;0;0;0;0;0;0;0;22;17;17;18;17;17;0;0;28;0;0;0;0;0;0;0;0;0;0;0;25;0;0;0;0;0;0;0;0;0;0;0;0;0;0;0;0;0;0;0;0;0;0;26;false;0;Levon Aronian vs. Dragan Solak, Internet, 2003;Source: http://www.wtharvey.com/m8n3.html
0;0;0;0;0;0;0;0;17;0;0;0;22;0;0;18;0;17;0;0;17;0;17;0;21;0;0;20;30;0;0;0;0;0;0;25;0;0;29;0;0;0;0;0;0;0;0;0;0;0;0;0;0;0;25;0;0;0;0;0;0;29;0;26;false;0;Varuzhan Akobian vs. Blas Lugo, Minneapolis, 2005;Source: http://www.wtharvey.com/m8n3.html
0;0;0;0;0;0;0;18;0;17;0;22;0;21;19;17;17;0;0;0;0;29;29;30;0;0;0;0;17;0;0;0;0;0;0;0;25;0;0;25;0;0;0;0;0;0;0;0;25;25;21;0;27;0;25;0;0;0;0;0;0;0;0;26;false;0;Dmitry Andreikin vs. Alexsej Lanin, St. Petersburg, 2007;Source: http://www.wtharvey.com/m8n3.html
21;0;20;0;0;21;18;0;0;17;0;0;0;17;17;17;17;0;0;17;0;0;0;0;0;0;0;27;19;30;0;0;0;0;28;0;29;0;0;0;0;0;0;0;0;0;0;0;25;22;25;0;0;0;25;25;0;0;0;0;0;29;26;0;false;0;Cristian Faig vs. Vinicius Marques, Isla Margarita, 1998;Source: http://www.wtharvey.com/m8n3.html
21;0;20;22;0;0;0;21;17;17;17;0;19;30;0;0;0;0;18;17;0;27;0;0;0;0;0;0;0;0;27;0;0;0;0;20;25;0;0;0;0;0;0;0;0;0;0;0;25;0;0;19;0;25;25;25;0;29;0;0;0;29;26;0;false;0;Joseph Blackburne vs. NN, England, 1886;Source: http://www.wtharvey.com/m8n3a.html
21;18;0;22;0;0;0;21;17;17;0;30;20;17;0;17;0;0;0;0;17;17;0;0;0;0;0;0;0;0;0;0;0;0;0;0;27;0;0;0;0;0;0;0;0;0;25;0;25;25;0;0;0;25;28;25;0;0;29;0;0;0;26;0;false;0;Joseph Blackburne vs. Forsyth, Edinburgh, 1894;Source: http://www.wtharvey.com/m8n3a.html
21;0;20;0;18;20;0;21;17;17;0;0;19;17;17;17;0;0;17;30;0;0;0;0;0;0;0;0;0;0;0;0;0;0;22;0;25;0;0;0;0;0;0;0;0;0;0;0;25;0;25;28;0;25;25;25;0;0;0;29;26;0;0;29;false;0;Distl vs. Filip Rozsypal, Prague, 1900;Source: http://www.wtharvey.com/m8n3a.html
21;0;0;0;18;21;0;0;0;0;0;0;0;0;30;17;0;25;20;0;0;17;0;0;17;28;0;0;0;29;0;0;0;0;0;17;22;0;0;28;0;0;0;0;19;0;0;0;0;25;0;0;0;0;25;25;0;0;0;0;29;0;26;0;false;0;David Bronstein vs. Grigory Lowenfische, USSR, 1946;Source: http://www.wtharvey.com/m8n3a.html
0;0;0;0;0;30;0;0;0;0;0;0;0;0;21;0;0;0;0;0;0;0;17;17;0;0;0;0;0;0;0;18;0;0;17;22;0;25;0;0;25;0;0;0;0;0;29;25;0;25;0;0;0;0;25;26;0;0;0;0;0;0;0;0;false;0;Anatoly Bannik vs. Iskir Kurass, Kiev, 1963;Source: http://www.wtharvey.com/m8n3a.html
0;18;0;21;0;0;0;0;0;20;0;17;0;0;17;17;25;30;0;0;17;0;0;0;19;27;0;0;0;0;0;0;25;0;0;0;25;0;0;0;0;0;0;0;0;0;0;0;0;0;0;0;0;0;25;25;0;0;22;0;0;20;26;0;false;0;Rajko Bogdanovic vs. Miso Cebalo, Titograd, 1965;Source: http://www.wtharvey.com/m8n3a.html
0;0;0;0;0;0;0;21;0;22;21;0;19;27;17;0;17;0;18;0;0;0;0;17;0;17;28;0;0;0;0;0;0;0;0;0;25;0;30;0;0;0;0;0;0;0;0;0;25;25;0;0;0;25;25;25;0;0;0;0;0;0;26;0;false;0;Isaac Boleslavsky vs. Roman Dzindzichashvili, URS, 1967;Source: http://www.wtharvey.com/m8n3a.html
18;0;0;21;0;0;0;21;17;0;0;0;29;17;17;17;0;17;0;0;0;0;22;0;0;25;0;20;0;0;0;0;0;0;0;30;0;28;0;0;0;0;0;0;0;0;27;0;25;25;0;0;0;25;25;25;0;0;0;0;0;0;26;0;false;0;Karl Winter vs. Guenter Schuchardt, Corr., 1967;Source: http://www.wtharvey.com/m8n3a.html
21;0;20;0;0;0;0;0;0;0;0;0;0;17;0;0;0;0;0;0;0;27;17;18;17;0;17;25;0;0;22;0;0;0;0;0;25;0;0;17;0;25;30;0;0;29;0;25;0;0;0;0;0;0;25;0;0;0;0;0;0;0;26;0;false;0;Rajko Bogdanovic vs. Slavko Leban, Sarajevo, 1968;Source: http://www.wtharvey.com/m8n3a.html
0;0;0;0;21;18;0;0;0;0;0;0;0;17;0;20;0;17;0;0;0;29;0;26;17;0;0;0;0;0;0;17;0;0;25;0;0;25;0;0;0;25;0;0;0;0;0;0;0;0;22;0;0;0;0;25;30;0;0;0;0;0;29;0;false;0;Walter Browne vs. Victor Brond, Mar del Plata, 1971;Source: http://www.wtharvey.com/m8n3a.html
0;0;0;0;0;0;21;18;17;0;17;20;0;17;0;17;0;0;17;17;0;25;0;0;0;0;20;0;19;0;0;30;0;0;0;0;25;29;0;0;0;0;0;28;0;0;0;0;25;25;25;0;26;0;0;25;29;27;28;0;0;0;22;0;false;0;Panayotis Pandavos vs. AB Arnold, Salonika, 1984;Source: http://www.wtharvey.com/m8n3a.html
21;0;20;0;0;21;18;0;0;17;0;0;19;17;17;17;17;0;0;29;0;20;0;0;0;0;0;0;22;25;0;30;0;0;0;0;25;0;0;0;0;28;0;0;28;0;0;0;25;25;25;0;0;25;0;25;0;0;26;0;0;0;29;0;false;0;Hans Waldmann vs. Udo Wallrabenstein, Leipzig, 1986;Source: http://www.wtharvey.com/m8n3a.html
21;0;0;0;0;21;0;0;17;0;17;0;0;0;0;17;0;17;0;0;29;0;0;0;0;0;0;0;0;17;0;0;0;0;28;0;0;26;0;0;0;0;0;0;0;0;0;18;25;25;25;0;0;25;0;0;0;0;0;0;0;0;0;0;false;0;Stellen Brynell vs. Lars Karlsson, Malme, 1986;Source: http://www.wtharvey.com/m8n3a.html
0;0;0;0;0;0;0;21;0;30;0;0;0;0;0;0;17;17;0;17;18;25;19;0;0;0;0;0;0;0;28;0;0;0;22;25;0;0;25;0;0;0;0;17;0;0;0;0;25;0;0;0;0;0;0;0;0;26;0;0;0;0;29;0;false;0;Evgeny Bareev vs. Viktor Gavrikov, Minsk, 1987;Source: http://www.wtharvey.com/m8n3a.html
0;0;0;0;0;0;21;0;17;17;0;0;0;27;0;18;0;22;0;0;20;30;17;17;0;0;0;17;25;0;0;0;0;0;0;0;0;0;0;0;0;0;0;0;0;0;29;25;25;25;0;0;0;25;25;0;0;0;0;0;0;0;26;0;false;0;Viktor Bologan vs. Darius Ruzele, Kramatorsk, 1989;Source: http://www.wtharvey.com/m8n3a.html
21;0;0;0;0;21;0;0;17;0;17;0;0;0;0;17;0;17;0;0;29;0;0;0;0;0;0;0;0;17;0;0;0;0;28;0;0;26;0;0;0;0;0;0;0;0;0;18;25;25;25;0;0;25;0;0;0;0;0;0;0;0;0;0;false;0;Stellen Brynell vs. Lars Karlsson, Malme, 1986;Source: http://www.wtharvey.com/m8n3a.html
0;0;0;0;0;0;0;21;0;30;0;0;0;0;0;0;17;17;0;17;18;25;19;0;0;0;0;0;0;0;28;0;0;0;22;25;0;0;25;0;0;0;0;17;0;0;0;0;25;0;0;0;0;0;0;0;0;26;0;0;0;0;29;0;false;0;Evgeny Bareev vs. Viktor Gavrikov, Minsk, 1987;Source: http://www.wtharvey.com/m8n3a.html
0;0;0;0;0;0;21;0;17;17;0;0;0;27;0;18;0;22;0;0;20;30;17;17;0;0;0;17;25;0;0;0;0;0;0;0;0;0;0;0;0;0;0;0;0;0;29;25;25;25;0;0;0;25;25;0;0;0;0;0;0;0;26;0;false;0;Viktor Bologan vs. Darius Ruzele, Kramatorsk, 1989;Source: http://www.wtharvey.com/m8n3a.html
0;21;20;0;18;20;0;21;0;0;0;0;0;17;17;0;17;0;0;0;0;22;0;17;0;0;0;30;0;0;0;0;0;0;0;0;0;25;0;0;0;0;0;0;0;0;0;0;25;25;25;0;0;0;25;25;0;0;26;29;0;28;0;29;false;0;J Ciprian vs. Bernd Kievelitz, Corres., 1990;Source: http://www.wtharvey.com/m8n3a.html
21;0;20;0;0;21;0;0;17;0;22;0;19;17;18;28;0;17;19;0;17;0;17;0;0;0;17;17;25;0;27;0;0;0;0;25;0;0;0;0;25;0;25;0;0;30;0;0;0;0;25;0;0;25;25;25;29;0;28;0;0;29;26;0;false;0;Sebastian Tudorie vs. Shamir Sivakumaran, Warsaw, 1991;Source: http://www.wtharvey.com/m8n3a.html
0;0;0;0;0;0;18;0;0;0;0;0;0;17;0;0;0;0;0;0;19;30;0;25;17;0;0;0;0;27;0;0;0;17;0;20;0;0;0;0;0;0;0;0;0;0;0;26;25;25;0;0;0;21;0;0;0;0;0;0;0;0;0;0;false;0;Walter Browne vs. Jaime Sunye Neto, Linares, 1994;Source: http://www.wtharvey.com/m8n3a.html
21;0;20;20;0;0;21;18;0;0;22;0;0;17;0;17;17;0;0;17;0;19;0;0;0;0;19;25;0;27;28;0;0;17;0;0;0;25;0;0;0;0;0;28;0;0;30;0;25;25;25;0;0;0;25;25;0;0;26;29;29;0;0;0;false;0;Vitali Koziak vs. Vladimir Buturin, Lvov, 1997;Source: http://www.wtharvey.com/m8n3a.html
0;0;21;22;0;21;0;18;0;20;0;0;20;17;0;17;17;0;19;17;17;17;0;30;0;17;0;0;0;25;0;0;0;0;0;0;25;0;25;25;0;0;27;0;0;27;0;0;25;25;25;0;0;0;0;0;0;26;0;29;0;28;0;29;false;0;Bengt Wikman vs. Leo Peltola, Tampere, 1998;Source: http://www.wtharvey.com/m8n3a.html
21;0;20;0;0;21;18;0;17;17;0;0;20;0;17;17;22;0;0;0;17;19;0;0;0;0;0;19;27;0;27;0;0;0;0;17;0;0;0;0;25;0;0;30;0;0;0;0;0;25;0;0;0;25;25;25;29;28;28;0;29;0;26;0;false;0;Jan Sorensen vs. Panayotis Vlassis, Korinthos, 1998;Source: http://www.wtharvey.com/m8n3a.html
0;0;0;0;0;19;0;0;0;0;28;0;0;0;0;18;17;17;20;0;0;0;17;0;0;0;17;0;0;27;0;17;25;0;21;0;0;0;0;0;0;0;0;0;0;0;0;25;0;25;0;0;0;0;25;0;0;0;0;0;29;0;26;0;false;0;Walter Browne vs. Yuri Shulman, Las Vegas, 2001;Source: http://www.wtharvey.com/m8n3a.html
21;0;20;0;0;0;0;21;0;17;0;0;18;17;17;0;17;0;0;0;17;0;0;0;0;0;0;0;25;0;0;19;0;0;22;27;0;0;0;0;0;0;27;0;0;0;0;0;25;25;25;30;0;0;0;25;0;0;26;29;0;0;0;29;false;0;Nase Lungu vs. Devarajen Chinasamy, Bled, 2002;Source: http://www.wtharvey.com/m8n3a.html
21;19;0;0;0;18;0;0;17;29;0;0;20;0;0;0;0;0;0;0;17;0;30;0;0;0;22;0;27;0;0;25;0;0;0;29;0;0;25;0;0;0;0;26;0;0;0;0;25;0;0;0;28;21;0;0;0;0;0;0;0;0;0;0;false;0;Csaba Balogh vs. Aleksandra Dimitrijevic, Novi Sad, 2003;Source: http://www.wtharvey.com/m8n3a.html
0;0;0;0;0;0;0;0;0;17;0;0;17;30;19;17;0;0;21;0;0;22;0;0;0;0;0;17;0;0;18;0;0;25;0;0;0;0;28;0;0;0;0;0;0;0;25;0;0;0;0;0;0;25;26;0;0;0;0;0;0;0;0;29;false;0;Mark Bluvshtein vs. Stig Martinsen, Gausdal, 2003;Source: http://www.wtharvey.com/m8n3a.html
0;21;0;0;21;0;18;0;0;0;0;0;0;17;0;0;0;0;0;0;0;29;17;0;0;0;0;0;30;0;0;17;25;0;0;28;0;0;22;25;0;27;25;0;0;0;0;0;0;26;25;0;0;0;0;0;0;0;0;0;0;0;0;0;false;0;Csaba Balogh vs. Joseph Gallagher, Basel, 2004;Source: http://www.wtharvey.com/m8n3a.html
0;0;0;21;0;18;0;0;0;17;21;0;0;17;29;0;17;0;20;22;0;19;0;30;25;0;0;0;17;25;0;0;0;0;0;17;25;0;0;0;0;0;0;25;0;0;0;0;0;25;0;0;27;0;0;25;0;0;0;0;0;0;29;26;false;0;Pawel Czarnota vs. Zoltan Ribli, Bundesliga, 2006;Source: http://www.wtharvey.com/m8n3a.html
0;0;18;0;0;0;0;0;0;20;0;21;0;29;20;17;17;0;0;0;17;0;0;0;28;17;0;0;0;0;25;0;0;0;0;17;0;30;0;25;25;0;0;0;0;0;0;0;0;25;25;0;22;0;0;0;0;26;0;0;0;0;0;0;false;0;Raj Tischbierek vs. Karsten Mueller, Bundesliga, 2007;Source: http://www.wtharvey.com/m8n3a.html
21;0;0;0;21;0;18;0;0;0;0;0;0;0;0;17;0;0;17;29;29;0;17;0;17;0;0;0;0;0;0;0;0;0;25;0;0;0;0;0;22;19;30;0;25;0;25;0;0;0;0;0;0;0;28;25;0;0;0;0;0;0;26;0;false;0;Dimitrij Bunzmann vs. Thies Heinemann, Bundesliga, 2007;Source: http://www.wtharvey.com/m8n3a.html
0;21;20;0;0;18;0;0;0;17;22;0;0;0;17;30;17;29;17;27;17;0;0;0;25;0;25;0;0;19;0;0;0;0;0;25;0;25;0;0;0;0;0;0;25;0;0;0;0;0;0;0;0;0;25;25;0;0;0;0;0;0;26;0;false;0;Valentina Golubenko vs. Berik Akkozov, Serpukhov, 2005;Source: http://www.wtharvey.com/m8n3a.html
0;0;0;0;0;22;21;18;17;0;0;0;20;0;21;17;0;0;0;0;25;0;0;30;0;0;0;0;0;25;0;0;0;17;17;0;0;0;0;0;0;0;0;0;0;25;29;0;25;0;0;0;0;0;0;25;28;0;0;0;0;0;0;26;false;0;Mikhail Chigorin vs. Yakubovich, Corr., 1879;Source: http://www.wtharvey.com/m8n3b.html
21;0;0;0;21;0;0;0;17;17;17;0;0;17;0;17;0;0;0;0;0;28;17;0;0;0;0;20;17;0;0;0;0;0;0;0;0;18;0;25;0;25;0;28;0;0;0;0;25;0;25;0;0;25;0;0;0;0;26;0;0;0;29;29;false;0;Max Euwe vs. H Van Hartingsvelt, Amsterdam, 1920;Source: http://www.wtharvey.com/m8n3b.html
0;0;30;0;0;19;0;0;0;0;29;0;0;0;0;17;0;17;0;22;17;17;0;18;0;0;0;0;0;0;0;0;0;0;0;25;0;0;0;25;0;0;0;28;0;0;25;0;0;0;0;0;0;25;26;0;21;0;0;0;0;0;0;0;false;0;Jose Capablanca vs. Emanuel Lasker, Havana, 1921;Source: http://www.wtharvey.com/m8n3b.html
0;21;20;18;0;21;0;0;17;17;0;0;0;0;29;0;0;0;0;27;17;0;0;0;0;0;0;17;0;0;17;0;0;0;0;0;0;0;22;0;28;25;0;0;25;0;0;0;25;0;0;25;0;0;28;0;0;0;29;0;0;0;26;0;false;0;Max Euwe vs. S Lohr, Amsterdam, 1923;Source: http://www.wtharvey.com/m8n3b.html
21;0;0;0;0;21;0;18;17;0;0;0;0;0;29;17;0;17;0;0;0;17;20;0;0;0;25;0;0;0;0;27;0;0;28;0;0;0;0;0;25;0;0;0;0;0;0;0;0;0;0;0;0;0;25;25;28;0;0;19;0;0;26;0;false;0;Arnold Denker vs. H Baker, USA, 1937;Source: http://www.wtharvey.com/m8n3b.html
0;0;0;0;0;0;0;0;0;0;0;0;0;29;0;0;0;17;0;0;0;0;17;18;0;0;0;0;27;0;0;0;0;0;19;0;0;25;0;0;25;0;0;0;0;0;25;0;0;0;0;0;0;0;26;0;0;0;21;0;0;0;0;0;false;0;Jose Capablanca vs. Vera Menchik, Margate, 1939;Source: http://www.wtharvey.com/m8n3b.html
21;0;0;0;20;21;0;18;17;17;0;0;0;0;0;17;0;0;0;0;28;0;17;0;0;0;0;0;27;17;25;0;25;0;0;25;19;0;0;0;22;0;25;30;0;0;0;29;0;0;0;0;0;0;0;25;0;0;0;29;0;0;26;0;false;0;Jose Capablanca vs. G Vassaux, Buenos Aires, 1939;Source: http://www.wtharvey.com/m8n3b.html
0;21;20;22;21;0;0;0;0;0;0;17;20;0;17;0;17;0;0;0;0;18;0;17;0;0;17;0;0;0;0;0;17;0;27;0;0;0;0;0;0;0;0;30;0;0;0;0;25;0;25;0;0;25;25;25;0;0;0;29;29;0;26;0;false;0;S Albers vs. A Schwengers, BRD, 1968;Source: http://www.wtharvey.com/m8n3b.html
0;0;0;0;0;0;21;0;0;0;30;0;0;0;22;0;17;0;0;0;0;0;0;0;0;0;0;18;0;0;0;0;0;0;0;27;27;0;0;0;25;0;26;0;0;0;0;0;0;0;0;0;0;0;0;0;0;0;0;0;0;0;0;0;false;0;Larry Christiansen vs. T Ebrahimi, USA, 1977;Source: http://www.wtharvey.com/m8n3b.html
18;0;20;21;0;0;0;0;17;17;30;0;0;0;0;0;0;0;0;0;0;0;0;0;0;0;25;28;0;0;0;17;0;0;0;0;0;0;0;20;0;0;0;0;0;0;0;0;25;25;0;0;0;0;0;0;0;0;0;0;0;0;0;26;false;0;Daniel Campora vs. Osman Palos, Tuzle, 1983;Source: http://www.wtharvey.com/m8n3b.html
0;0;21;0;0;20;18;0;17;20;0;0;0;17;17;17;0;17;0;0;0;0;0;0;19;0;0;0;0;0;0;0;22;0;0;25;0;0;0;0;25;0;25;0;29;0;0;30;28;0;0;28;0;25;25;25;29;0;0;0;0;0;26;0;false;0;Dragan Vasiljevic vs. Nenad Jovanovic, Belgrade, 1984;Source: http://www.wtharvey.com/m8n3b.html
0;21;20;0;0;29;29;0;17;0;17;0;0;0;17;0;0;0;17;0;0;0;18;0;0;0;0;0;0;17;0;17;0;0;0;0;0;0;0;0;0;0;0;27;0;25;25;0;25;25;0;0;0;0;0;21;0;0;26;0;0;0;0;0;false;0;Maxim Dlugy vs. Ricardo Calvo, London, 1986;Source: http://www.wtharvey.com/m8n3b.html
0;0;0;0;0;0;0;0;0;0;0;0;0;0;17;28;0;0;0;0;0;0;0;17;0;0;17;0;0;0;0;18;0;0;0;20;0;0;0;0;0;25;0;0;0;29;25;0;21;0;0;0;0;25;26;25;0;0;0;0;0;0;0;0;false;0;Alexander Chernin vs. Michael Tseitlin, Polanica Zdroj, 1988;Source: http://www.wtharvey.com/m8n3b.html
0;21;0;0;19;21;0;0;0;0;22;0;0;0;18;17;17;0;0;17;30;0;17;29;0;0;0;0;19;0;25;0;27;17;0;0;25;0;0;0;0;28;0;0;0;0;0;0;25;25;25;0;0;0;0;25;0;0;26;29;0;0;0;0;false;0;Jean-Marc Degraeve vs. Christian Lecuyer, France, 1988;Source: http://www.wtharvey.com/m8n3b.html
21;19;0;0;0;0;18;0;17;17;0;21;0;17;17;0;0;22;0;20;0;0;0;0;0;0;0;0;0;30;27;0;0;0;0;0;0;27;0;0;0;0;0;0;25;0;0;0;25;25;0;0;0;25;25;25;0;0;0;29;0;29;26;0;false;0;Fran Alvarez vs. Carlos Canseco, Asturias, 1989;Source: http://www.wtharvey.com/m8n3b.html
21;0;20;22;19;0;21;18;0;17;0;19;17;0;20;17;17;0;17;17;0;0;17;0;0;0;0;0;0;0;25;0;0;0;25;25;25;0;0;0;0;0;27;0;28;25;27;0;25;25;0;30;0;0;0;0;0;0;26;29;0;28;0;29;false;0;Uwe Dietzinger vs. Heike Vogel, Germany, 1989;Source: http://www.wtharvey.com/m8n3b.html
0;0;20;0;0;21;0;18;0;17;0;0;29;0;0;0;0;0;19;0;0;21;0;17;17;0;25;0;27;0;17;0;0;0;28;0;0;0;25;0;25;0;0;0;0;0;0;25;0;25;0;0;0;29;0;0;0;0;0;0;0;0;26;0;false;0;Daniel Campora vs. Boris Zlotnik, Sevilla, 1992;Source: http://www.wtharvey.com/m8n3b.html
21;0;0;0;0;21;0;0;17;0;0;19;0;17;0;0;20;17;0;0;0;18;0;0;0;0;17;17;0;27;17;0;0;0;25;25;0;0;0;0;0;0;0;0;25;0;25;0;25;25;0;0;28;25;25;0;0;0;26;29;0;0;0;29;false;0;Peter Pelts vs. John Cerminaro, Chicago, 1992;Source: http://www.wtharvey.com/m8n3b.html
0;21;0;0;0;21;0;18;0;0;0;0;0;0;17;0;17;0;0;0;0;0;0;17;0;0;20;17;27;28;25;0;0;17;0;0;19;0;0;0;0;25;0;0;0;0;0;30;25;28;25;0;22;0;0;25;0;26;0;0;0;0;0;29;false;0;Maia Chiburdanidze vs. Bent Larsen, Vienna, 1993;Source: http://www.wtharvey.com/m8n3b.html
0;0;0;18;0;0;0;0;0;29;0;0;0;0;0;0;0;0;0;27;0;0;19;0;17;0;0;25;17;0;0;0;0;0;25;0;27;0;0;0;0;0;0;19;0;0;25;17;22;0;0;0;0;0;0;25;0;0;0;0;0;29;26;0;false;0;'Socrates Expert' vs. Alexander Ivanov, Boston, 1993;Source: http://www.wtharvey.com/m8n3b.html
0;0;0;21;0;0;0;0;17;0;0;0;0;30;0;17;0;17;0;0;25;0;0;18;0;0;17;0;0;0;17;22;0;0;25;0;0;28;0;0;0;25;0;0;17;0;0;25;25;0;0;0;0;0;25;0;0;0;0;0;0;0;26;0;false;0;Elina Danielian vs. Monica Calzetta, Buenos Aires, 1993;Source: http://www.wtharvey.com/m8n3b.html
0;0;0;0;21;0;18;0;17;17;0;0;0;17;0;0;0;0;0;17;0;25;0;17;0;0;0;25;20;29;0;0;0;25;0;17;0;0;25;30;25;0;0;25;0;0;0;25;0;0;22;0;0;0;0;0;0;0;0;0;0;29;26;0;false;0;Nick De Firmian vs. A Caresana, Ticino, 1993;Source: http://www.wtharvey.com/m8n3b.html
0;0;0;0;0;0;18;21;17;0;30;0;0;0;17;17;0;0;0;28;20;20;22;0;0;0;0;0;0;0;0;0;0;0;0;0;0;29;0;0;0;0;0;0;0;25;0;0;25;25;0;0;0;25;0;25;0;0;0;0;26;28;0;29;false;0;'Mirage' vs. 'Francesca', London, 1994;Source: http://www.wtharvey.com/m8n3b.html
0;21;0;0;22;21;18;0;17;0;0;0;0;17;0;17;20;17;0;17;0;30;17;0;19;0;17;17;25;0;0;0;25;0;25;0;0;0;0;0;0;0;25;28;0;25;27;0;0;0;0;0;0;0;25;25;29;0;0;0;0;29;26;0;false;0;Paul Tuffery vs. Peter Stuart, Wellington, 1995;Source: http://www.wtharvey.com/m8n3b.html
21;0;20;0;21;0;0;0;17;17;22;0;0;17;18;0;0;0;19;0;17;0;0;17;20;0;0;0;0;0;0;0;0;0;0;25;28;0;0;0;0;0;25;0;0;30;0;0;25;0;0;28;0;25;25;25;0;29;0;0;0;29;26;0;false;0;Svetlana Matveeva vs. Almira Skripchenko, Kishinev, 1995;Source: http://www.wtharvey.com/m8n3b.html
21;0;0;0;0;0;21;18;17;17;0;0;22;20;0;17;0;0;17;0;0;17;19;0;0;0;20;17;0;0;0;0;0;0;0;17;25;0;30;0;0;28;0;25;0;27;0;29;25;25;25;0;0;0;25;25;29;0;28;0;0;0;26;0;false;0;A Ynigo vs. David Levine, Philadelphia, 1995;Source: http://www.wtharvey.com/m8n3b.html
21;0;20;22;0;0;21;18;17;17;0;19;0;17;0;17;0;0;0;0;0;25;0;30;0;28;0;0;0;17;0;0;0;0;0;28;0;0;0;20;25;0;0;0;0;0;29;0;0;0;25;0;0;0;25;25;0;0;0;26;0;0;0;29;false;0;Nick De Firmian vs. Robert Huebner, Polanica Zdroj, 1995;Source: http://www.wtharvey.com/m8n3b.html
21;0;0;0;18;20;0;21;0;17;0;0;0;17;17;17;17;0;19;0;0;19;0;0;0;0;0;0;17;0;27;0;0;0;28;0;0;0;20;0;0;25;0;0;25;0;0;0;25;0;0;0;0;25;25;25;29;27;28;29;0;0;26;0;false;0;Glenn Flear vs. Jean-Louis Sabatie, Creon, 1999;Source: http://www.wtharvey.com/m8n3b.html
0;0;0;0;0;0;0;0;17;0;0;0;0;17;0;0;18;17;0;27;17;0;17;0;0;0;21;0;22;0;0;0;0;30;0;0;0;0;0;0;0;0;0;29;0;0;0;0;25;25;25;0;0;0;0;0;0;26;0;0;0;0;0;0;false;0;Magnus Carlsen vs. Timothy Taylor, Budapest, 2003;Source: http://www.wtharvey.com/m8n3b.html
0;0;0;0;0;0;0;0;0;0;0;0;0;0;0;0;17;0;0;30;0;0;0;17;0;0;0;0;0;0;18;0;0;0;28;0;0;17;0;0;25;0;0;0;0;26;0;0;0;22;0;0;0;0;0;25;0;0;0;0;0;0;0;0;false;0;Magnus Carlsen vs. Kristian Trygstad, Fredrikstad, 2003;Source: http://www.wtharvey.com/m8n3b.html
0;18;0;0;0;0;0;21;17;25;0;0;0;17;17;17;0;0;0;17;0;0;20;0;0;28;27;0;19;0;0;0;0;30;0;0;25;0;0;0;25;0;28;0;0;0;0;0;26;25;0;0;0;25;0;25;0;0;0;0;0;0;0;22;false;0;Roberto Grau vs. Edgard Colle, San Remo, 1930;Source: http://www.wtharvey.com/m8n3c.html
0;0;21;0;20;0;0;18;17;17;0;0;25;0;17;0;0;0;0;0;0;0;25;19;0;0;17;0;25;0;27;0;0;0;25;0;0;0;0;0;0;0;0;0;0;0;0;0;25;25;0;0;0;0;0;0;0;0;0;0;0;29;26;0;false;0;Max Euwe vs. FA Spinhoven, Den Hague, 1933;Source: http://www.wtharvey.com/m8n3c.html
0;0;0;0;0;22;21;0;17;21;0;0;0;17;0;18;0;19;0;17;0;0;17;0;0;0;17;25;17;25;0;17;25;0;0;0;25;0;0;30;0;0;25;0;28;25;0;29;0;0;0;0;0;0;0;25;0;0;0;0;0;0;29;18;false;0;Svetozar Gligoric vs. Miroslav Radojcic, Ljubljana, 1947;Source: http://www.wtharvey.com/m8n3c.html
0;0;20;0;0;21;18;0;0;0;22;0;0;17;17;0;0;17;0;29;0;0;0;17;0;0;0;0;0;0;0;0;0;25;28;30;0;0;0;0;0;0;0;0;0;0;0;25;0;0;0;0;0;25;25;0;0;0;0;0;0;0;26;0;false;0;Paul Keres vs. Corvin Radovici, Leipzig, 1960;Source: http://www.wtharvey.com/m8n3c.html
0;0;20;22;30;0;0;0;17;0;0;19;0;17;18;0;0;0;17;0;0;20;0;0;0;0;0;0;0;0;17;0;25;0;25;25;0;0;25;0;0;25;0;0;0;29;0;0;0;0;0;0;0;0;26;0;0;0;0;0;0;0;0;29;false;0;Lubomir Kavalek vs. Ilkka Kanko, Halle, 1963;Source: http://www.wtharvey.com/m8n3c.html
0;0;0;0;0;21;18;0;17;17;29;0;0;17;0;17;22;0;0;17;0;0;17;28;25;0;0;17;20;0;0;0;0;25;0;19;0;0;25;0;0;0;0;0;0;30;0;25;0;0;0;0;0;0;28;0;0;0;0;0;0;0;0;26;false;0;Lubomir Kavalek vs. Drazen Marovic, Krakow, 1964;Source: http://www.wtharvey.com/m8n3c.html
0;0;0;0;21;0;0;0;0;0;17;0;0;0;0;0;0;0;17;0;22;0;18;17;17;0;21;0;17;0;17;27;25;0;0;0;0;0;25;0;0;25;0;0;0;25;0;0;0;0;0;0;30;0;0;0;0;0;0;29;28;0;26;0;false;0;Lubomir Kavalek vs. Coen Zuidema, Tel Aviv, 1964;Source: http://www.wtharvey.com/m8n3c.html
20;0;0;18;0;0;0;21;0;22;0;0;0;0;17;0;17;0;0;17;0;0;0;0;0;17;0;27;0;30;0;0;0;0;0;0;25;0;0;0;25;0;0;0;0;0;0;0;0;25;29;0;0;0;0;25;0;26;0;0;0;0;0;0;false;0;Robert Fischer vs. Bela Soos, Skopje, 1967;Source: http://www.wtharvey.com/m8n3c.html
0;0;20;18;21;0;0;0;0;0;0;0;0;30;0;29;17;0;0;17;17;0;27;0;0;17;0;0;0;0;0;0;0;0;0;0;0;0;0;0;0;0;22;0;0;0;25;0;25;0;0;0;0;25;0;26;0;0;0;0;0;0;0;0;false;0;Paul Keres vs. Hillar Karner, Parnu, 1971;Source: http://www.wtharvey.com/m8n3c.html
0;21;0;0;22;21;18;0;17;0;0;0;0;17;0;17;20;17;0;17;0;30;17;0;19;0;17;17;25;0;0;0;25;0;25;0;0;0;0;0;0;0;25;28;0;25;27;0;0;0;0;0;0;0;25;25;29;0;0;0;0;29;26;0;false;0;Lubomir Ftacnik vs. Ivan Jankovec, Marianske Lazne, 1978;Source: http://www.wtharvey.com/m8n3c.html
0;0;0;21;0;21;0;18;0;17;0;0;0;17;0;17;17;0;0;17;0;0;0;0;0;0;0;0;19;0;27;27;0;0;0;0;0;0;20;30;0;28;25;22;0;0;0;0;25;0;0;0;17;0;25;25;0;29;0;0;0;0;0;26;false;0;Garry Kasparov vs. Elmar Magerramov, USSR, 1982;Source: http://www.wtharvey.com/m8n3c.html
0;0;0;0;0;0;0;0;17;0;0;29;17;0;21;0;0;0;0;17;0;0;0;0;25;0;0;0;0;17;0;0;0;17;21;0;18;25;0;0;0;0;0;0;25;0;25;0;0;0;0;0;26;0;0;0;0;0;0;29;0;0;0;0;false;0;Raymond Keene vs. Erling Mortensen, Aarhus, 1983;Source: http://www.wtharvey.com/m8n3c.html
0;0;0;0;0;0;0;0;0;17;0;0;17;0;18;17;0;0;21;29;28;0;0;0;17;22;0;0;19;0;25;17;0;0;0;0;25;0;0;0;0;0;0;0;0;0;0;0;25;25;25;0;0;30;0;0;0;0;26;0;0;0;0;0;false;0;Yehuda Gruenfeld vs. Mark Meeres, New York, 1985;Source: http://www.wtharvey.com/m8n3c.html
0;0;0;0;0;0;0;0;29;0;0;0;0;29;0;17;0;0;0;0;17;0;17;0;21;0;0;0;17;0;0;0;0;20;0;0;25;19;18;25;0;0;0;0;0;0;25;0;0;0;0;0;0;25;26;0;0;0;0;0;0;0;0;0;false;0;Yehuda Gruenfeld vs. Samuel Reshevsky, New York, 1986;Source: http://www.wtharvey.com/m8n3c.html
0;0;0;0;0;0;0;0;0;0;0;0;26;17;0;0;25;0;0;0;0;0;18;0;0;25;0;30;0;0;0;0;21;0;0;0;17;0;25;0;0;0;0;0;0;0;0;0;0;0;0;0;0;0;0;25;21;0;0;0;0;0;0;0;false;0;Ferdinand Hellers vs. Eric Lobron, Salonika, 1988;Source: http://www.wtharvey.com/m8n3c.html
0;0;0;29;0;0;0;0;0;0;0;0;0;0;21;18;0;17;0;0;0;0;17;0;17;0;0;30;0;17;0;0;25;0;28;0;17;0;0;17;0;19;0;0;25;0;25;0;0;0;0;0;0;25;26;25;0;0;22;0;0;0;0;0;false;0;Benjamin Finegold vs. E Knoppert, Antwerp, 1991;Source: http://www.wtharvey.com/m8n3c.html
0;0;0;0;21;0;18;0;17;0;29;0;20;0;0;17;0;0;0;0;17;0;17;0;0;0;0;20;0;0;0;0;17;0;0;25;0;28;27;25;25;22;0;0;30;25;0;0;0;0;0;0;0;0;25;26;0;0;0;0;0;0;0;0;false;0;Anatoly Karpov vs. Jaan Ehlvest, Reykjavik, 1991;Source: http://www.wtharvey.com/m8n3c.html
0;0;21;21;0;0;18;0;0;20;0;0;0;17;0;17;0;17;0;20;0;0;17;0;17;0;22;25;0;0;0;30;0;0;0;29;0;0;0;0;0;25;0;0;0;0;0;0;25;28;0;0;0;25;25;25;0;28;0;0;29;0;26;0;false;0;Alexander Grischuk vs. G Tatarliev, Duisburg, 1992;Source: http://www.wtharvey.com/m8n3c.html
0;0;22;0;21;19;18;0;17;0;0;0;0;21;0;0;0;17;0;0;0;17;17;0;0;0;0;25;0;0;0;30;0;0;20;25;17;0;0;28;0;0;25;0;0;0;0;29;25;0;28;0;0;0;25;25;0;0;0;0;29;0;26;0;false;0;Benjamin Finegold vs. Y Balashov, Cappelle, 1992;Source: http://www.wtharvey.com/m8n3c.html
21;0;0;21;0;0;0;0;0;20;0;0;0;18;0;0;0;0;0;25;22;0;0;0;17;28;17;0;17;0;0;17;25;17;0;0;0;0;0;0;0;0;0;0;0;0;29;0;0;25;0;0;0;25;0;0;29;0;0;30;0;0;26;0;false;0;Zenon Franco-Ocampos vs. Slobodan Kovacevic, Mislata, 1993;Source: http://www.wtharvey.com/m8n3c.html
0;0;21;21;0;18;0;0;17;20;0;0;0;0;17;0;0;17;0;22;17;17;0;0;0;0;0;0;29;0;0;30;0;0;0;19;0;0;0;0;25;0;27;0;0;0;0;0;0;25;0;0;0;25;25;25;0;28;0;0;29;0;26;0;false;0;Igor Ivanov vs. Fred Lindsay, Canada, 1994;Source: http://www.wtharvey.com/m8n3c.html
0;0;0;0;0;0;0;21;0;17;29;0;0;0;0;0;21;0;0;0;17;18;20;0;17;17;0;17;29;0;0;0;0;0;0;25;0;0;28;22;0;0;0;0;0;0;30;0;25;0;0;0;0;25;25;0;0;0;0;0;0;0;26;0;false;0;Saidali Iuldachev vs. Sergei Simonenko, Ashkhabad, 1996;Source: http://www.wtharvey.com/m8n3c.html
21;0;20;19;21;19;0;0;17;17;17;0;18;0;0;17;0;0;0;0;17;0;0;0;0;0;0;25;27;17;0;25;0;0;0;0;0;30;0;0;0;0;0;28;0;0;29;0;25;25;25;0;0;25;25;0;0;0;26;0;29;0;0;0;false;0;Daniel Fridman vs. A Arcimenia, Marijarnpole, 1996;Source: http://www.wtharvey.com/m8n3c.html
0;0;21;0;0;0;21;0;0;0;0;0;0;0;0;17;20;0;0;0;25;0;0;18;17;0;20;17;0;17;0;28;25;0;0;27;0;25;0;0;0;25;0;0;0;0;30;0;0;0;25;0;0;0;0;25;0;0;0;0;0;0;0;26;false;0;Tamaz Gelashvili vs. Jan Sorensen, Korinthos, 1998;Source: http://www.wtharvey.com/m8n3c.html
21;0;0;0;0;18;0;0;0;0;0;0;0;0;17;17;17;0;19;0;17;0;0;27;0;0;17;0;0;0;0;0;0;22;0;0;0;0;0;0;0;0;0;0;0;0;30;25;25;20;25;0;0;25;25;0;0;26;0;29;0;28;0;0;false;0;Valentina Golubenko vs. Stanislav Beljaev, Kohtla-Jarve, 1999;Source: http://www.wtharvey.com/m8n3c.html
0;0;0;0;0;0;18;0;0;0;0;22;0;17;17;17;17;0;0;21;0;0;0;0;0;17;0;0;0;0;0;0;0;0;0;0;30;0;0;0;0;0;0;0;0;0;0;0;25;25;25;0;0;0;25;25;0;0;0;29;0;0;0;26;false;0;Valentina Golubenko vs. Dmitry Knyazhev, Kohtla-Jarve, 1999;Source: http://www.wtharvey.com/m8n3c.html
21;0;0;0;21;18;0;0;0;0;0;0;0;17;19;0;17;20;0;19;22;0;17;29;0;17;0;0;17;0;25;0;0;0;17;0;25;0;0;0;0;0;25;0;0;30;27;0;25;25;28;28;0;25;0;0;0;0;26;0;0;0;0;29;false;0;Garry Kasparov vs. Alexander Karman, Internet, 2000;Source: http://www.wtharvey.com/m8n3c.html
21;22;0;0;18;20;0;21;0;17;0;19;0;17;17;0;17;0;0;0;17;0;20;0;0;28;0;17;25;0;28;17;27;25;0;25;0;0;0;25;25;0;0;0;0;0;0;0;0;0;0;0;0;25;25;0;0;0;29;30;26;0;0;29;false;0;Tamaz Gelashvili vs. Panayiotis Kakogiannis, Korinthos, 2001;Source: http://www.wtharvey.com/m8n3c.html
0;0;0;0;18;0;0;0;0;0;0;0;21;0;20;17;0;22;27;0;0;0;17;0;17;0;0;0;0;0;0;19;0;17;0;29;0;30;0;25;0;28;0;0;25;0;0;0;25;25;0;0;0;0;25;0;0;0;0;0;0;0;26;0;false;0;Saidali Iuldachev vs. Samir Badalov, Baku, 2005;Source: http://www.wtharvey.com/m8n3c.html
0;0;0;22;0;21;0;0;17;0;0;19;21;0;0;0;0;18;0;27;28;0;25;25;0;25;17;0;0;0;0;0;0;0;0;0;0;28;0;0;0;30;0;0;0;0;0;0;25;0;0;0;0;0;25;25;0;0;0;0;0;29;26;0;false;0;Valentina Golubenko vs. Nadezhda Kharmunova, Vladimir, 2006;Source: http://www.wtharvey.com/m8n3c.html
0;0;20;19;0;21;18;0;0;0;0;0;0;22;0;0;0;0;17;0;0;0;27;0;0;0;25;17;28;0;17;0;0;25;0;0;0;0;17;0;0;0;0;0;25;0;0;0;0;0;30;0;0;0;26;0;29;0;0;0;0;0;0;0;false;0;George Mackenzie vs. Siegbert Tarrasch, Hamburg, 1885;Source: http://www.wtharvey.com/m8n3d.html
0;21;0;0;0;0;21;0;0;0;0;0;0;30;0;0;0;0;0;22;0;0;0;0;0;0;0;17;18;0;0;0;0;0;0;0;17;0;17;0;0;0;0;0;0;0;25;0;25;25;0;0;0;0;28;25;0;0;0;0;29;29;0;26;false;0;James Mason vs. Jean Taubenhaus, New York, 1889;Source: http://www.wtharvey.com/m8n3d.html
0;22;18;0;21;0;0;21;30;17;0;0;0;0;17;17;0;29;17;0;0;0;0;0;0;0;0;0;27;20;0;0;0;0;25;25;17;0;0;0;0;0;0;0;0;0;0;0;25;0;25;0;0;25;25;25;0;29;0;0;0;0;26;0;false;0;Georg Marco vs. Herbert Trenchard, Vienna, 1898;Source: http://www.wtharvey.com/m8n3d.html
0;0;0;21;0;0;0;0;0;0;17;0;0;18;0;17;17;22;17;0;29;28;0;0;0;0;21;0;0;0;0;0;25;20;30;0;0;27;0;0;0;25;0;0;0;25;25;0;0;0;25;0;0;0;25;0;0;0;0;0;29;0;0;26;false;0;Geza Maroczy vs. Heinrich Wolf, Berlin, 1899;Source: http://www.wtharvey.com/m8n3d.html
0;0;0;21;0;0;0;0;0;19;20;0;18;17;0;0;17;0;17;0;0;27;0;0;0;17;0;0;17;25;21;0;0;0;0;0;0;0;0;0;0;28;25;0;0;25;0;0;25;25;0;29;0;0;0;0;0;0;26;29;0;0;0;0;false;0;Georg Marco vs. Albert Hodges, Cambridge Springs, 1904;Source: http://www.wtharvey.com/m8n3d.html
0;0;0;0;0;18;22;30;0;20;0;21;0;0;17;0;17;17;19;0;17;0;28;17;0;0;20;0;0;0;0;0;0;0;25;0;0;21;25;0;25;0;0;0;0;27;0;0;0;28;0;0;0;0;0;0;0;0;0;0;29;29;0;26;false;0;Frank Marshall vs. Ilya Rabinovich, Baden-Baden, 1925;Source: http://www.wtharvey.com/m8n3d.html
21;0;0;0;21;0;0;18;0;0;0;0;20;0;0;28;17;19;0;0;0;17;0;0;22;0;17;0;0;0;0;29;0;0;0;0;0;0;20;0;0;0;0;0;25;0;0;0;25;25;30;0;27;25;25;25;0;0;0;0;0;29;26;0;false;0;Andor Lilienthal vs. Vera Menchik, Hastings, 1933;Source: http://www.wtharvey.com/m8n3d.html
0;0;0;0;27;0;19;18;17;0;0;0;0;0;29;0;0;0;0;0;20;0;0;17;0;0;0;17;25;17;0;30;0;0;17;28;0;25;0;26;0;0;25;0;0;0;25;25;0;0;0;0;0;0;0;21;0;0;22;0;0;0;0;0;false;0;Andor Lilienthal vs. Erich Eliskases, Ujpest, 1934;Source: http://www.wtharvey.com/m8n3d.html
0;0;0;0;0;21;18;0;0;0;0;0;0;20;0;17;0;0;0;0;0;0;17;25;0;0;0;17;0;0;0;0;28;17;0;0;0;30;0;0;0;25;0;0;0;29;0;0;0;22;21;0;0;25;25;0;0;0;0;0;29;0;26;0;false;0;Andor Lilienthal vs. Abram Khavin, Moscow, 1944;Source: http://www.wtharvey.com/m8n3d.html
21;0;0;0;22;0;21;18;0;17;17;0;0;0;17;20;17;20;0;0;0;0;0;30;0;0;0;17;28;0;0;0;0;0;0;25;0;0;0;0;0;0;25;0;0;27;0;25;25;25;0;27;0;0;25;0;0;0;0;0;0;0;0;26;false;0;Bent Larsen vs. Hansen, Tonder, 1956;Source: http://www.wtharvey.com/m8n3d.html
0;0;0;21;0;21;18;0;0;0;22;25;0;17;0;0;17;0;0;29;0;0;17;17;0;0;0;0;0;0;20;0;0;0;0;0;0;0;25;0;0;0;17;30;29;0;0;25;25;0;28;0;0;25;0;0;0;0;0;0;0;0;26;0;false;0;Viktor Korchnoi vs. Lev Polugaevsky, Tbilisi, 1956;Source: http://www.wtharvey.com/m8n3d.html
0;0;0;21;20;0;18;0;17;0;0;0;19;27;17;17;0;17;17;22;0;0;0;0;0;0;0;0;0;30;0;0;0;20;0;0;0;0;0;0;0;25;0;25;0;0;0;25;25;0;25;0;0;0;28;0;28;26;0;0;0;29;0;0;false;0;Bent Larsen vs. Martinez, San Juan, 1969;Source: http://www.wtharvey.com/m8n3d.html
0;18;0;0;0;0;0;0;20;0;0;22;0;21;0;0;17;0;0;25;30;0;17;0;0;0;0;0;28;17;0;17;0;0;0;25;0;0;0;25;0;0;0;0;0;0;25;26;0;0;0;0;0;0;28;0;0;0;0;0;0;0;0;0;false;0;William Lombardy vs. Larry Kaufman, New York, 1972;Source: http://www.wtharvey.com/m8n3d.html
0;0;20;0;0;0;0;0;0;0;0;17;21;0;17;0;0;0;17;29;0;17;0;0;0;0;0;0;17;25;0;17;18;25;0;0;25;0;19;25;25;0;26;0;0;0;25;0;0;0;0;29;0;0;0;0;0;0;0;0;0;0;0;0;false;0;Slavoljub Marjanovic vs. Ralf Akesson, Bela Crkva, 1984;Source: http://www.wtharvey.com/m8n3d.html
0;0;0;19;0;21;18;0;0;0;0;0;0;27;20;17;0;0;17;0;0;0;0;0;0;0;0;0;25;30;0;0;0;17;0;0;0;0;0;0;0;25;0;0;28;0;29;25;0;0;0;0;0;0;25;26;0;0;0;0;22;0;0;0;false;0;Kaido Kulaots vs. Hakon Bentsen, Gausdal, 2005;Source: http://www.wtharvey.com/m8n3d.html
0;0;0;21;0;22;0;18;0;0;0;0;0;0;20;17;17;0;17;0;0;0;0;0;0;17;0;0;28;0;30;0;25;0;28;0;0;0;0;0;0;0;0;25;0;0;0;0;0;0;0;0;0;25;25;25;0;0;0;0;29;0;26;0;false;0;Slavoljub Marjanovic vs. Bosko Abramovic, Zenica, 1986;Source: http://www.wtharvey.com/m8n3d.html
0;0;0;21;0;21;0;18;17;0;0;0;0;17;0;17;0;17;17;0;0;17;0;0;0;0;20;0;0;25;0;30;0;0;0;22;0;25;29;0;0;25;27;0;0;29;0;25;0;25;0;0;0;0;25;0;0;0;0;0;0;0;0;26;false;0;Alexander Khalifman vs. Alexander Huzman, Tashkent, 1987;Source: http://www.wtharvey.com/m8n3d.html
21;0;0;0;0;21;18;0;17;0;0;0;0;17;17;17;25;17;0;0;0;0;19;0;0;0;0;0;28;27;0;0;0;20;22;0;0;0;0;0;0;0;0;0;0;0;0;30;0;0;25;0;0;25;25;25;0;0;0;29;29;0;26;0;false;0;Vasilios Kotronias vs. Daniel King, New York, 1990;Source: http://www.wtharvey.com/m8n3d.html
21;0;0;0;18;0;0;21;0;0;0;0;0;0;17;17;17;0;20;0;25;17;0;0;22;0;20;27;0;30;0;0;0;0;0;0;0;0;0;0;0;17;0;0;0;0;0;0;25;25;25;0;0;0;25;25;0;0;26;29;0;28;0;29;false;0;Kaido Kulaots vs. Balazs Szuk, Duisburg, 1992;Source: http://www.wtharvey.com/m8n3d.html
19;21;0;0;18;20;0;21;0;17;0;0;0;17;0;17;17;0;0;17;0;22;0;0;25;0;0;25;17;0;0;0;0;0;27;0;0;17;0;0;0;0;25;0;0;0;25;28;0;25;0;0;0;25;0;25;29;0;0;30;26;0;0;29;false;0;Peter Leko vs. Vladimir Turta, Bratislava, 1993;Source: http://www.wtharvey.com/m8n3d.html
0;0;0;21;0;0;0;18;0;17;0;0;0;29;17;17;17;0;0;19;19;0;0;0;0;0;0;27;0;0;0;0;0;0;0;0;0;0;0;0;0;25;28;0;25;30;0;25;22;0;0;0;0;25;25;0;0;0;0;0;0;0;26;0;false;0;Alexander Lastin vs. Vladimir Burmakin, Moscow, 1994;Source: http://www.wtharvey.com/m8n3d.html
0;0;0;21;0;0;0;0;0;0;0;0;29;29;17;18;0;0;0;0;0;19;0;27;0;0;0;0;0;0;0;0;17;0;17;0;0;22;25;25;25;0;30;17;0;25;0;0;0;25;0;0;0;0;26;0;0;0;0;20;0;0;0;0;false;0;Ljubomir Ljubojevic vs. Anatoly Karpov, Monte Carlo, 1997;Source: http://www.wtharvey.com/m8n3d.html
0;0;21;0;0;0;21;18;30;0;0;0;0;0;17;17;0;0;0;0;0;17;0;0;0;0;0;0;0;0;0;0;0;0;0;0;25;0;0;0;0;25;29;0;0;25;0;0;25;0;0;0;22;25;0;25;0;0;0;0;0;0;29;26;false;0;Alexandra Kosteniuk vs. Irina Zakurdjaeva, Sochi, 1998;Source: http://www.wtharvey.com/m8n3d.html
21;0;0;22;18;20;0;21;17;17;0;20;0;0;17;17;0;0;0;0;17;19;0;0;0;0;0;17;0;0;0;0;27;0;0;0;0;0;30;0;0;0;0;28;0;0;0;0;25;25;0;28;0;25;25;25;0;0;29;0;0;29;26;0;false;0;Quang Liem Le vs. Nhat Duong Nguyen, Dong Thap, 2000;Source: http://www.wtharvey.com/m8n3d.html
0;0;0;21;0;0;0;18;17;17;0;0;0;0;17;0;0;0;0;22;30;17;0;17;25;0;17;0;0;0;0;0;0;0;0;0;0;0;0;29;0;0;0;21;27;0;25;25;0;28;0;0;0;25;0;0;0;0;0;0;0;0;26;0;false;0;Alexandra Kosteniuk vs. Anna Ushenina, Minsk, 2001;Source: http://www.wtharvey.com/m8n3d.html
0;0;21;0;0;18;0;0;0;0;0;0;17;0;0;0;17;0;0;0;29;20;0;0;0;17;0;30;0;0;0;17;0;0;0;0;0;25;0;0;0;0;0;0;0;0;0;0;25;22;19;0;27;25;0;26;0;0;0;0;0;0;29;0;false;0;Alexey Korotylev vs. Artyom Timofeev, Krasnodar, 2002;Source: http://www.wtharvey.com/m8n3d.html
0;0;30;0;0;0;0;0;17;0;0;0;0;22;18;0;0;17;0;0;0;17;0;0;0;25;0;0;19;0;17;25;0;0;0;0;28;0;25;0;0;0;0;0;0;0;26;0;0;0;0;0;0;25;0;0;0;0;0;0;0;0;0;0;false;0;Shakhriyar Mamedyarov vs. Vitezslav Priehoda, Batumi, 2002;Source: http://www.wtharvey.com/m8n3d.html
0;0;0;0;18;0;0;21;0;20;0;0;17;17;20;0;17;0;0;0;27;19;17;0;22;17;0;0;17;0;0;17;0;0;0;0;0;0;0;25;0;0;21;28;0;25;0;0;25;25;25;30;0;0;25;0;0;26;0;29;0;0;0;29;false;0;Rauf Mamedov vs. Zurab Azmaiparashvili, Internet, 2003;Source: http://www.wtharvey.com/m8n3d.html
0;0;0;20;21;0;0;0;17;17;0;0;21;0;0;0;0;0;17;0;0;0;0;18;0;0;0;0;27;0;17;17;0;0;0;25;25;0;0;0;25;0;27;0;0;0;0;0;0;25;0;0;26;0;0;0;0;0;0;0;0;0;29;29;false;0;Alexey Korotylev vs. Sergey Smagin, Sochi, 2004;Source: http://www.wtharvey.com/m8n3d.html
0;0;0;18;21;0;0;0;17;0;21;0;20;29;0;0;0;0;0;0;25;0;0;17;0;30;17;0;0;0;0;0;0;0;0;17;0;0;0;17;0;0;0;0;0;0;0;0;25;25;0;0;0;0;25;25;0;0;0;0;0;0;26;0;false;0;Irina Krush vs. Antoaneta Stefanova, Krasnoturinsk, 2004;Source: http://www.wtharvey.com/m8n3d.html
21;0;20;22;0;20;0;21;17;17;17;0;0;0;0;17;0;0;19;0;0;0;17;19;0;0;0;18;17;0;0;0;0;0;0;0;27;0;0;0;0;0;0;0;0;30;0;25;25;25;25;25;0;25;25;0;29;0;28;0;26;28;0;29;false;0;Napoleon I vs. Madame de Remusat, Rueil, 1804;Source: http://www.wtharvey.com/m8n3e.html
21;0;20;0;0;0;18;21;17;17;17;0;28;17;0;17;0;20;0;0;0;0;0;0;19;0;0;25;0;0;0;0;0;0;17;0;0;0;22;0;0;0;30;0;0;27;0;0;25;0;0;0;0;25;25;25;29;27;0;0;29;0;26;0;false;0;William Evans vs. Alexander MacDonnell, London, 1829;Source: http://www.wtharvey.com/m8n3e.html
0;0;0;22;0;21;0;18;0;0;17;0;0;0;0;17;0;17;0;17;28;21;17;0;17;0;0;25;17;0;0;0;0;0;25;19;25;0;0;0;0;0;0;0;0;25;25;0;25;25;0;30;0;0;26;0;0;0;0;0;0;29;0;29;false;0;Daniel Harrwitz vs. Bernhard Horwitz, London, 1846;Source: http://www.wtharvey.com/m8n3e.html
21;21;0;0;0;18;0;0;17;17;17;22;0;17;27;0;0;20;0;17;0;28;19;30;0;20;0;0;17;0;27;0;0;0;0;0;25;0;0;0;0;0;25;25;0;0;0;25;25;25;0;0;0;25;25;0;29;0;0;0;0;29;26;0;false;0;Benjamin Leussen vs. Oldrich Duras, Scheveningen, 1905;Source: http://www.wtharvey.com/m8n3e.html
0;21;0;0;19;18;0;0;17;19;0;21;27;17;0;17;0;0;0;25;0;0;17;22;0;25;0;0;25;0;0;0;25;28;0;0;0;0;0;0;0;0;0;0;0;29;25;0;0;0;0;0;30;0;0;25;0;0;0;29;0;0;26;0;false;0;Rudolf Swiderski vs. A Petterson, Barmen, 1905;Source: http://www.wtharvey.com/m8n3e.html
0;0;20;0;0;21;0;0;0;17;19;0;0;0;17;18;21;0;0;0;0;0;0;0;17;0;0;0;27;0;0;0;0;0;30;0;0;17;0;27;0;0;0;0;0;0;0;29;25;22;0;0;0;0;25;25;0;0;0;0;29;0;0;26;false;0;Loyd vs. Gerald Moore, USA, 1906;Source: http://www.wtharvey.com/m8n3e.html
21;0;0;22;18;20;19;21;17;17;17;20;0;0;17;17;0;0;0;0;0;17;19;0;0;0;0;25;17;0;0;0;0;0;0;0;30;0;0;0;0;0;25;28;28;27;0;0;25;25;0;0;0;0;25;25;29;27;0;0;26;0;0;29;false;0;Kunitz vs. Salaman, Tangiers, 1907;Source: http://www.wtharvey.com/m8n3e.html
21;19;20;0;22;18;0;21;17;17;17;0;19;0;17;0;0;0;0;25;0;20;0;17;0;0;0;0;0;0;0;30;0;0;28;25;0;0;0;0;0;0;0;0;0;0;0;0;25;25;25;0;0;0;0;17;29;27;28;0;0;29;0;26;false;0;Fedor Dus Chotimirsky vs. Robine, 1910;Source: http://www.wtharvey.com/m8n3e.html
0;0;0;0;18;0;0;0;21;0;0;20;19;19;0;21;0;22;0;0;17;29;0;17;17;0;0;17;25;17;0;28;0;0;17;25;0;27;0;25;25;17;25;0;28;0;0;0;0;25;0;0;0;0;30;0;0;0;0;0;0;26;29;0;false;0;Oscar Chajes vs. Charles Jaffe, New York, 1911;Source: http://www.wtharvey.com/m8n3e.html
0;0;0;0;0;0;0;0;0;0;0;0;0;17;0;0;0;0;0;30;20;18;21;0;17;17;0;0;0;0;27;0;0;0;0;0;0;0;0;0;0;0;0;0;0;0;25;0;25;25;22;0;0;25;0;25;0;0;0;29;0;0;26;0;false;0;Gregory vs. Kjell Krantz, Breslau, 1912;Source: http://www.wtharvey.com/m8n3e.html
0;0;0;0;0;0;21;20;0;17;0;0;18;0;0;0;17;0;0;17;0;19;30;0;22;0;17;0;17;0;0;21;28;0;25;0;25;0;0;0;0;0;27;0;0;0;0;25;25;25;0;0;0;0;25;0;0;29;0;0;0;29;26;0;false;0;Arnoldo Ellerman vs. V Sarracan, Buenos Aires, 1913;Source: http://www.wtharvey.com/m8n3e.html
21;0;20;0;0;21;0;0;17;17;0;0;0;27;17;18;0;0;0;0;0;0;19;17;0;0;0;0;0;0;0;0;0;0;22;0;27;0;0;0;0;0;0;0;30;0;0;0;25;25;25;0;0;29;25;25;0;0;0;0;0;0;26;0;false;0;Gessner vs. Whitaker, Chicago, 1916;Source: http://www.wtharvey.com/m8n3e.html
21;0;0;0;22;0;0;18;0;20;19;0;0;17;0;0;17;0;0;0;0;25;0;17;0;17;25;17;0;0;29;0;0;0;0;25;0;0;0;0;25;0;27;0;30;0;0;0;0;25;28;0;0;0;25;25;0;0;0;0;0;0;26;0;false;0;Alexander Alekhine vs. S Wainstein, Odessa, 1916;Source: http://www.wtharvey.com/m8n3e.html
21;0;20;22;18;0;0;21;17;17;17;17;19;0;19;17;0;0;0;0;0;17;27;0;20;0;0;0;0;0;0;30;0;0;28;25;0;0;0;0;0;0;25;0;0;0;0;0;25;0;0;0;0;25;25;25;29;27;0;0;29;0;26;0;false;0;Horvath vs. Lajos Mayer, Budapest, 1917;Source: http://www.wtharvey.com/m8n3e.html
21;0;20;0;0;18;0;21;0;17;0;17;0;17;17;0;17;0;0;25;0;0;0;0;0;0;0;0;27;0;28;17;0;0;0;17;0;0;0;0;0;0;0;0;0;0;0;0;25;25;28;0;0;25;0;0;0;0;26;0;29;0;0;0;false;0;Elekes vs. Zitzen, Corr., 1917;Source: http://www.wtharvey.com/m8n3e.html
21;19;0;22;0;20;0;21;17;17;0;0;18;17;17;17;0;0;0;19;17;0;0;0;0;28;0;0;27;30;0;0;25;0;0;17;0;0;0;0;0;0;27;0;0;0;0;0;0;25;0;0;0;25;25;25;29;0;28;0;26;0;0;29;false;0;Nodel vs. S Margulies, Berlin, 1922;Source: http://www.wtharvey.com/m8n3e.html
0;0;0;0;29;0;0;0;0;17;0;0;0;0;21;18;0;0;0;0;0;0;17;0;0;0;17;30;28;17;25;0;17;0;25;0;17;25;0;0;25;22;0;0;0;0;0;0;0;25;0;0;0;0;0;0;26;0;0;0;0;0;0;0;false;0;Milan Vidmar Sr vs. Saviely Tartakower, London, 1922;Source: http://www.wtharvey.com/m8n3e.html
21;19;0;0;18;20;0;21;17;17;0;0;17;17;0;17;0;0;17;0;0;17;0;0;0;0;0;0;0;0;0;0;0;0;0;0;0;0;0;0;0;0;0;30;0;27;0;0;22;25;25;28;0;25;25;25;0;0;26;29;0;0;0;29;false;0;George Koltanowski vs. Arthur Dunkelblum, Antwerp, 1923;Source: http://www.wtharvey.com/m8n3e.html
21;0;20;22;18;20;0;21;17;17;17;0;19;0;0;0;0;0;0;17;0;19;27;17;0;0;0;0;17;17;0;30;0;0;28;0;25;0;0;0;0;0;0;25;0;0;0;0;25;25;25;0;0;25;25;25;29;0;28;0;0;29;26;0;false;0;Somers vs. NN, London, 1923;Source: http://www.wtharvey.com/m8n3e.html
21;0;20;0;18;0;0;21;0;0;17;17;0;17;17;17;17;17;0;0;25;22;0;0;20;0;0;0;0;0;0;0;28;0;0;30;0;0;0;0;28;0;25;0;0;0;0;0;25;0;25;0;0;25;25;25;29;0;0;0;26;0;0;29;false;0;Alexander Alekhine vs. M Forester, Glasgow, 1923;Source: http://www.wtharvey.com/m8n3e.html
0;21;0;0;21;0;18;0;0;0;0;0;20;17;17;0;20;0;22;0;17;28;19;0;17;0;0;17;25;0;30;0;0;0;17;25;0;0;27;0;25;0;25;0;0;0;0;29;0;0;0;0;0;25;25;0;0;27;0;0;0;29;26;0;false;0;Janos Balogh vs. Geza Maroczy, Gyor, 1924;Source: http://www.wtharvey.com/m8n3e.html
21;0;0;0;0;0;21;18;0;0;20;0;0;17;0;17;0;17;17;17;22;0;0;0;0;0;0;0;0;27;17;0;17;0;19;0;0;0;0;30;25;0;0;0;0;29;0;0;0;25;28;0;0;0;25;25;0;0;0;0;29;0;26;0;false;0;Boris Kostic vs. Coleman, Perth, 1924;Source: http://www.wtharvey.com/m8n3e.html
21;0;20;0;18;0;19;21;17;0;0;0;0;0;20;17;17;0;17;28;22;0;17;0;0;0;0;17;25;0;25;0;27;0;0;0;0;30;0;0;0;0;0;0;0;0;0;0;25;25;25;0;27;0;0;25;29;0;0;0;0;29;26;0;false;0;Meergrun vs. NN, London, 1924;Source: http://www.wtharvey.com/m8n3e.html
20;0;0;21;28;0;0;0;17;0;0;0;0;0;0;0;0;19;0;0;18;17;0;0;0;0;20;0;0;27;0;30;0;0;17;0;21;25;0;0;0;0;25;0;0;0;0;0;25;0;0;0;0;0;25;25;0;0;0;0;0;29;0;26;false;0;Grigory Lowenfisch vs. Freymann, USSR, 1925;Source: http://www.wtharvey.com/m8n3e.html
0;0;0;0;0;21;18;0;19;0;17;0;29;0;20;17;17;0;0;17;0;0;0;0;0;22;17;25;0;30;28;0;0;0;0;0;0;0;0;25;0;0;25;0;0;0;25;0;25;25;0;0;0;25;0;0;0;0;0;0;0;0;26;0;false;0;David Przepiorka vs. Steiner, Debrecen, 1925;Source: http://www.wtharvey.com/m8n3e.html
21;0;0;22;0;0;0;0;17;0;0;19;29;0;20;18;0;17;0;25;20;0;0;17;0;0;0;0;17;0;0;17;0;0;0;19;27;0;0;0;28;0;0;28;0;0;0;25;25;25;0;30;0;0;25;0;0;0;0;0;0;0;26;0;false;0;C Portela vs. A Nogues Acuna, Buenos Aires, 1927;Source: http://www.wtharvey.com/m8n3e.html
21;19;0;0;18;0;21;0;17;17;0;22;17;0;25;0;0;20;17;17;27;19;0;0;0;0;0;0;0;0;0;17;0;0;0;0;0;0;0;0;0;0;0;0;0;0;0;30;25;25;25;0;0;0;25;25;29;27;28;0;26;29;0;0;false;0;Joseph Krejcik vs. Mayer, Vienna, 1928;Source: http://www.wtharvey.com/m8n3e.html
