21;0;0;0;0;0;21;0;0;0;0;0;0;0;0;30;0;0;29;27;20;18;27;0;0;0;0;0;0;17;17;0;17;0;0;0;0;0;0;0;0;0;0;22;0;0;0;0;25;25;0;0;0;25;25;25;0;0;0;0;29;0;26;0;false;0;Louis De La Bourdonnais vs. Alexander MacDonnell, London, 1834;Source: http://www.wtharvey.com/m8n2.html
21;0;0;22;18;20;0;21;17;17;0;0;19;17;17;17;0;0;0;17;0;0;0;0;0;0;17;27;27;0;28;0;0;0;28;19;25;0;0;0;0;0;0;25;0;0;0;0;25;25;25;0;0;25;25;25;29;0;0;20;26;0;0;29;false;0;Henry Buckle vs. Amateur, London, 1840;Source: http://www.wtharvey.com/m8n2.html
0;21;20;0;0;0;0;21;17;18;25;17;0;0;0;17;0;20;0;25;0;0;0;19;0;30;0;0;0;0;0;0;27;0;0;0;25;17;0;0;0;0;0;0;0;0;0;0;25;0;25;0;0;0;25;25;0;0;0;0;0;0;0;26;false;0;Louis Paulsen vs. Blachy, New York, 1857;Source: http://www.wtharvey.com/m8n2.html
0;0;0;0;18;20;0;21;17;0;0;19;0;17;17;17;0;0;0;0;22;0;0;0;0;0;0;0;17;0;28;0;0;0;0;0;25;0;0;0;0;30;0;0;0;0;0;0;25;25;25;0;0;25;25;25;0;0;26;29;0;0;0;0;false;0;Paul Morphy vs. Duke Isouard, Paris, 1858;Source: http://www.wtharvey.com/m8n2.html
0;21;0;18;21;0;0;0;27;20;17;17;19;0;17;17;0;20;0;0;0;0;0;0;0;0;0;0;0;0;0;0;0;0;0;0;0;0;30;0;0;0;0;28;0;25;0;0;25;22;0;0;0;25;0;25;0;0;0;29;29;0;26;0;false;0;Joseph Blackburne vs. Martin, England, 1876;Source: http://www.wtharvey.com/m8n2.html
21;0;19;18;0;0;0;21;0;0;20;0;0;17;17;17;17;0;0;0;20;0;0;0;0;0;0;27;27;0;0;0;30;0;0;25;0;0;0;22;28;0;0;28;0;0;0;0;25;0;0;0;0;25;25;25;0;0;0;0;29;0;26;0;false;0;Joseph Blackburne vs. Smith, Simul, 1882;Source: http://www.wtharvey.com/m8n2.html
21;0;0;22;0;20;0;21;0;17;27;0;19;0;17;17;17;0;19;0;0;0;18;0;0;0;0;0;25;20;0;0;0;0;28;25;0;0;0;0;0;0;0;0;0;0;0;0;25;25;25;0;0;0;25;25;29;0;28;30;0;29;26;0;false;0;Siegbert Tarrasch vs. Fiedler, Nurnberg, 1892;Source: http://www.wtharvey.com/m8n2.html
21;0;0;22;0;20;0;21;17;17;17;20;18;0;0;17;0;0;0;17;0;17;28;0;0;0;0;25;17;0;0;30;0;0;25;0;0;0;0;0;0;0;0;0;28;0;0;25;25;25;0;0;0;25;25;0;29;0;0;0;26;0;0;29;false;0;Donisthorpe vs. Peter Mundell, London, 1892;Source: http://www.wtharvey.com/m8n2.html
21;19;20;18;19;0;0;21;17;17;17;17;0;30;17;17;0;0;0;0;0;20;0;0;0;0;0;27;27;0;0;0;0;0;0;25;17;0;0;0;0;0;0;0;0;0;0;0;25;25;25;0;26;25;0;25;29;0;28;0;0;0;0;22;false;0;Probst vs. Lowig, Bad Oeynhausen, 1922;Source: http://www.wtharvey.com/m8n2.html
0;0;0;0;21;18;0;0;0;0;17;30;19;0;0;17;17;0;0;0;0;17;0;0;0;17;0;0;17;27;0;25;0;0;0;0;22;0;0;0;0;0;25;0;0;0;29;0;0;0;0;0;0;25;25;26;0;0;0;0;0;0;0;0;false;0;Lajos Steiner vs. Albert Becker, Vienna, 1923;Source: http://www.wtharvey.com/m8n2.html
21;0;20;0;0;21;18;0;17;17;0;0;0;17;17;17;0;0;0;17;0;0;0;0;0;0;0;30;0;19;22;0;0;0;28;0;29;0;0;0;0;0;0;0;0;0;0;0;25;25;0;0;0;25;25;25;29;0;0;0;0;0;26;0;false;0;Max Euwe vs. A Van Mindeno, Netherlands, 1927;Source: http://www.wtharvey.com/m8n2.html
0;0;0;0;21;0;0;0;17;20;17;19;0;0;19;0;0;17;0;17;21;17;0;18;0;0;0;0;0;0;0;0;0;0;25;25;0;0;25;28;25;0;0;0;0;0;27;0;0;0;28;0;0;29;0;25;29;0;0;0;0;0;26;0;false;0;Alexander Alekhine vs. Fahardo, Montevideo, 1939;Source: http://www.wtharvey.com/m8n2.html
21;0;20;22;18;0;0;21;20;17;17;17;0;17;17;17;0;0;0;0;0;0;0;0;25;28;0;0;27;0;0;0;0;0;0;19;0;0;0;0;28;0;0;0;0;0;0;0;0;0;25;25;30;19;25;25;29;27;0;0;26;0;0;29;false;0;Heinz Helms vs. Oscar Tenner, New York, 1942;Source: http://www.wtharvey.com/m8n2.html
0;0;0;0;29;0;0;0;0;0;22;21;20;18;0;17;29;0;0;0;0;0;0;28;0;0;0;17;0;0;0;0;0;25;0;25;0;0;17;0;0;0;25;0;0;21;25;0;0;0;0;0;30;0;0;25;0;0;0;0;0;0;26;0;false;0;Anatoly Fershter vs. Aleksandr Rutman, Leningrad, 1966;Source: http://www.wtharvey.com/m8n2.html
30;0;0;0;0;0;0;0;0;0;21;0;0;21;17;18;0;0;17;0;0;0;0;17;0;0;0;0;0;0;0;27;0;0;0;25;17;27;0;0;0;17;0;0;25;0;0;0;0;26;0;0;0;0;29;0;0;0;0;0;0;22;0;0;false;0;Tigran Petrosian vs. Dragoslav Tomic, Vinkovci, 1970;Source: http://www.wtharvey.com/m8n2.html
0;19;0;0;0;0;0;0;17;0;0;0;22;0;0;17;0;0;17;27;18;0;0;0;0;17;25;0;17;0;0;0;0;25;0;0;25;0;0;30;0;0;25;0;0;0;25;0;0;0;0;0;0;0;26;0;0;0;0;0;0;0;0;0;false;0;Larry Christiansen vs. Paul Van Der Sterren, Amsterdam, 1978;Source: http://www.wtharvey.com/m8n2.html
0;21;0;0;22;0;0;18;0;0;0;0;27;0;0;17;0;0;0;17;0;25;17;0;0;0;17;0;19;0;25;0;0;0;25;0;0;0;0;0;17;0;0;25;0;0;26;30;25;0;0;0;29;0;0;0;0;0;0;0;0;0;0;0;false;0;Vlastimil Hort vs. Alex Dunne, Lucerne, 1982;Source: http://www.wtharvey.com/m8n2.html
0;19;20;18;0;20;0;21;0;21;0;0;0;0;0;0;17;0;0;25;0;0;17;17;0;28;0;0;25;17;27;0;0;0;17;0;0;25;0;0;0;0;25;0;28;0;0;0;0;0;0;0;0;0;0;25;29;0;0;0;26;0;0;29;false;0;Ian Rogers vs. Zlatko Klaric, Nouro, 1984;Source: http://www.wtharvey.com/m8n2.html
21;0;0;21;0;0;0;18;20;0;22;19;0;0;17;17;0;17;0;0;28;17;0;0;0;0;17;0;0;25;0;0;25;25;0;17;30;0;0;0;0;0;0;0;0;0;0;29;0;28;0;0;0;25;25;25;0;0;0;0;0;29;26;0;false;0;Nick De Firmian vs. Edward Formanek, Philadelphia, 1987;Source: http://www.wtharvey.com/m8n2.html
0;0;0;19;0;0;0;0;0;29;0;0;0;0;0;0;17;0;0;0;0;0;18;0;0;0;28;0;0;0;0;0;0;25;0;0;0;25;26;0;21;0;0;0;0;0;0;0;0;0;0;0;0;0;0;0;0;0;0;0;0;0;0;0;false;0;Vassily Ivanchuk vs. Bozidar Ivanovic, New York, 1988;Source: http://www.wtharvey.com/m8n2.html
0;0;0;0;0;21;0;18;17;17;0;19;0;17;0;17;0;0;0;0;0;19;0;30;0;0;0;17;0;17;27;0;0;0;0;25;0;0;0;0;0;25;0;0;0;0;29;25;25;0;21;0;22;25;25;0;29;0;0;0;0;0;26;0;false;0;Leonid Shamkovich vs. Anatoly Trubman, USA, 1990;Source: http://www.wtharvey.com/m8n2.html
0;0;0;0;0;21;0;18;17;0;0;19;0;17;0;17;0;0;0;0;0;25;0;27;0;17;0;17;0;0;0;0;0;0;17;25;0;0;0;25;0;0;0;0;0;0;0;0;25;25;0;0;0;0;29;26;0;0;0;0;0;0;0;0;false;0;Almira Skripchenko vs. Ralph Zimmer, Bad Mondorf, 1991;Source: http://www.wtharvey.com/m8n2.html
0;0;0;0;21;18;0;0;17;17;0;0;27;0;20;30;0;0;0;0;0;17;0;0;0;0;0;0;0;0;0;0;0;0;22;0;0;0;0;0;25;0;0;0;0;0;0;0;0;0;0;21;0;0;25;25;0;0;0;0;29;29;0;26;false;0;Larry Christiansen vs. John Nunn, Vienna, 1991;Source: http://www.wtharvey.com/m8n2.html
21;0;20;0;0;21;18;0;0;17;0;0;0;0;17;29;17;0;0;17;17;17;19;0;0;0;0;0;0;0;22;0;0;0;0;27;25;0;25;0;0;0;27;0;0;25;0;0;25;25;25;0;0;0;0;30;0;26;0;0;0;0;0;29;false;0;D Gajadin vs. Maxence Murara, Turin, 2006;Source: http://www.wtharvey.com/m8n2.html
0;0;0;0;0;0;0;0;17;0;29;0;0;0;17;0;0;0;0;0;17;0;18;19;0;0;0;17;0;0;0;27;0;0;0;25;21;0;0;25;0;0;0;0;0;0;25;0;25;25;0;0;0;26;0;0;0;0;0;0;0;0;0;0;false;0;Claudia Amura vs. Carlos Bulcourf, Villa Ballester, 1996;Source: http://www.wtharvey.com/m8n2.html
21;0;20;18;0;21;0;0;17;17;0;19;0;0;17;17;0;0;0;27;30;0;0;0;0;25;0;0;0;0;0;0;0;0;0;0;0;0;0;0;0;0;19;0;0;25;28;0;22;0;28;0;0;0;25;25;0;0;0;29;0;29;26;0;false;0;Valentina Golubenko vs. Kerttu Oja, Narva, 2001;Source: http://www.wtharvey.com/m8n2.html
21;0;0;0;0;0;22;0;17;17;0;20;0;18;21;0;0;0;17;0;0;17;0;0;0;0;30;0;0;0;0;0;0;0;25;17;28;0;0;0;0;25;0;0;0;0;27;25;25;0;0;0;0;25;0;0;0;0;0;0;29;26;0;0;false;0;Magnus Carlsen vs. Helgi Gretarsson, Rethymnon, 2003;Source: http://www.wtharvey.com/m8n2.html
21;0;0;22;0;18;0;21;0;0;0;20;19;17;0;0;17;0;19;0;17;27;17;0;0;0;0;17;25;0;30;17;25;17;0;25;0;0;0;0;0;0;25;28;0;0;0;0;0;0;0;0;0;25;25;25;29;0;28;0;0;29;26;0;false;0;Iweta Radziewicz vs. Katharina Bacler, Bundesliga, 2006;Source: http://www.wtharvey.com/m8n2.html
0;0;0;0;0;0;0;0;17;0;0;22;0;17;0;18;0;0;0;0;17;30;17;0;0;17;0;20;0;0;28;17;0;0;0;0;0;0;0;25;0;0;0;0;0;0;0;0;0;0;0;0;0;25;25;0;0;0;0;0;0;0;26;0;false;0;Elina Danielian vs. Michail Brodsky, Cappelle la Grande, 2006;Source: http://www.wtharvey.com/m8n2.html
0;0;0;0;0;0;0;0;18;0;17;0;22;0;0;0;25;17;0;0;0;0;0;30;0;0;0;0;17;0;0;0;0;0;25;0;25;0;0;17;0;0;0;25;0;0;0;0;0;0;0;0;26;0;0;0;0;0;0;0;0;0;0;0;false;0;Peter Svidler vs. Vassily Ivanchuk, Moscow, 2008;Source: http://www.wtharvey.com/m8n2.html
21;0;0;0;0;20;21;0;0;0;0;20;0;18;17;17;0;22;0;25;0;0;0;0;0;17;17;0;29;25;0;27;17;0;0;0;0;0;0;0;0;0;0;0;0;0;30;0;25;25;28;0;0;0;25;25;0;0;26;29;0;0;0;0;false;0;Wilhelm Steinitz vs. David Sands, New York, 1887;Source: http://www.wtharvey.com/m8n2a.html
21;0;0;22;21;20;0;0;17;0;17;19;0;30;17;0;0;17;0;0;0;0;27;18;0;0;0;0;25;29;0;0;0;0;0;19;0;0;0;0;0;0;0;0;0;0;0;27;25;0;0;0;0;0;25;25;29;0;0;0;0;0;0;26;false;0;Wilhelm Steinitz vs. Herbert Trenchard, Vienna, 1898;Source: http://www.wtharvey.com/m8n2a.html
21;0;0;22;0;18;0;21;17;17;17;0;20;28;0;17;0;0;19;17;0;0;0;0;0;0;0;0;0;0;27;0;0;0;0;25;25;0;20;25;0;0;0;0;0;0;0;0;25;25;25;0;0;0;0;0;29;27;28;0;0;29;26;0;false;0;Schwartz vs. Samsonov, Heidelberg, 1908;Source: http://www.wtharvey.com/m8n2a.html
21;19;20;0;0;20;0;21;17;0;0;0;18;28;17;0;0;0;0;17;27;19;0;17;0;0;17;30;27;0;0;0;0;17;0;0;25;25;0;0;0;0;0;0;28;0;0;0;25;22;0;0;0;0;0;25;0;0;0;0;26;0;0;0;false;0;Charles Watson vs. NN, Melbourne, 1916;Source: http://www.wtharvey.com/m8n2a.html
0;0;0;0;0;0;0;0;0;21;0;0;0;0;0;17;18;17;30;0;0;0;17;0;17;0;0;0;21;17;0;0;25;0;0;0;0;0;0;25;0;0;0;0;0;0;0;0;0;0;0;0;20;25;25;26;0;29;0;0;0;0;0;0;false;0;Saviely Tartakower vs. Richard Reti, Vienna, 1920;Source: http://www.wtharvey.com/m8n2a.html
21;0;20;0;18;0;0;21;17;17;30;0;22;0;0;19;0;0;17;0;0;17;0;0;25;0;0;0;17;0;0;17;27;0;0;0;25;0;17;25;0;28;0;0;0;0;25;0;0;25;25;0;0;25;0;0;0;0;0;29;0;27;26;0;false;0;Brunnemer vs. Patton, Corr, 1920;Source: http://www.wtharvey.com/m8n2a.html
21;0;20;0;18;20;0;21;17;17;0;19;0;17;17;0;0;22;17;0;17;0;0;17;0;0;0;0;0;0;28;0;0;0;25;25;30;0;0;0;0;0;0;28;0;27;0;0;25;0;0;0;0;25;25;25;29;0;0;0;0;29;26;0;false;0;Springe vs. Dietmar Gebhard, Munich, 1927;Source: http://www.wtharvey.com/m8n2a.html
21;0;0;0;0;21;0;18;0;0;22;20;0;0;0;17;17;0;0;17;0;17;0;0;0;17;19;25;27;0;0;0;0;0;17;0;25;19;0;0;0;0;25;0;27;0;0;0;25;25;28;0;30;25;29;0;0;0;0;0;0;0;29;26;false;0;Arthur Bisguier vs. J. Penrose, Southsea, 1950;Source: http://www.wtharvey.com/m8n2a.html
21;0;0;0;18;20;0;21;17;20;0;0;0;0;0;0;0;0;17;0;0;17;0;17;0;17;0;0;17;22;0;0;0;0;17;30;0;0;0;17;0;0;27;0;0;28;0;0;25;25;0;0;0;25;25;25;0;0;0;29;29;0;26;0;false;0;Bennsdorf vs. G Krepp, Corr, 1954;Source: http://www.wtharvey.com/m8n2a.html
0;21;0;0;0;18;0;0;0;0;19;0;17;0;20;0;0;0;0;17;0;0;30;29;17;0;17;22;0;17;27;0;20;17;0;0;0;0;0;0;0;0;0;0;0;0;0;25;0;0;25;0;0;25;25;0;0;0;0;0;29;28;26;0;false;0;Mikhail Tal vs. Pal Benko, Bled, 1959;Source: http://www.wtharvey.com/m8n2a.html
0;0;0;0;0;20;0;0;0;17;0;0;0;21;17;18;17;0;20;0;0;0;29;17;0;0;0;0;28;0;29;30;0;0;0;25;0;17;0;25;0;0;0;0;0;0;0;22;0;0;0;0;0;25;0;0;0;0;0;0;0;0;26;0;false;0;Mark Taimanov vs. Erich Eliskases, Buenos Aires, 1960;Source: http://www.wtharvey.com/m8n2a.html
0;0;0;0;0;0;21;18;0;0;0;0;0;0;17;17;0;0;0;0;0;17;0;0;17;0;0;0;0;0;0;0;25;0;0;30;0;27;0;0;0;0;0;0;25;0;25;0;0;0;21;0;0;19;0;25;0;0;0;0;0;0;26;0;false;0;Rafael Vaganian vs. Viktor Korchnoi, Moscow, 1975;Source: http://www.wtharvey.com/m8n2a.html
0;0;29;0;0;0;0;0;0;0;0;0;21;17;17;18;0;0;0;0;0;0;0;17;0;17;0;0;30;0;19;0;0;25;0;0;0;0;28;22;0;0;0;0;25;0;0;25;0;0;0;0;0;25;25;0;0;0;0;0;0;0;26;0;false;0;Anatoly Karpov vs. Klaus Wockenfuss, Bad Lauterberg, 1977;Source: http://www.wtharvey.com/m8n2a.html
0;0;0;21;0;0;18;0;17;0;17;0;0;17;0;0;20;17;0;0;17;0;19;30;0;0;0;0;25;28;0;25;0;0;17;21;0;0;0;22;0;0;0;0;0;0;29;0;25;25;0;0;0;25;25;0;0;0;0;29;0;0;26;0;false;0;Arthur Bisguier vs. Sergey Kudrin, Philadelphia, 1985;Source: http://www.wtharvey.com/m8n2a.html
0;21;0;0;0;21;18;0;0;17;19;19;22;0;20;29;17;0;17;17;0;0;28;0;25;0;0;25;0;17;0;0;0;25;25;0;17;25;0;0;0;0;28;0;0;0;25;0;0;0;0;0;0;25;26;0;0;0;30;0;0;0;0;29;false;0;Nona Gaprindashvili vs. Eliska Richtrova, Wuppertal, 1990;Source: http://www.wtharvey.com/m8n2a.html
0;0;18;21;21;0;0;0;0;17;0;19;0;17;0;17;17;0;20;28;0;19;17;0;0;0;0;0;0;0;0;0;25;0;29;0;17;0;0;0;0;25;27;0;0;0;0;0;0;0;25;0;28;25;25;25;0;0;0;29;0;0;26;0;false;0;'Mach IV' vs. Piet Bakker, Den Hague, 1990;Source: http://www.wtharvey.com/m8n2a.html
22;0;0;20;21;0;18;0;0;20;0;0;0;0;17;17;0;0;0;28;17;0;0;0;17;0;0;0;0;0;0;19;0;17;0;0;0;29;0;0;0;0;0;28;0;27;0;0;25;25;0;0;30;25;25;25;0;0;0;0;0;0;26;0;false;0;Grigory Serper vs. Alexei Shirov, Moscow, 1991;Source: http://www.wtharvey.com/m8n2a.html
0;0;22;0;21;0;0;0;0;0;0;0;17;29;0;0;0;0;0;21;30;0;17;18;17;0;17;19;27;0;0;17;25;19;0;0;0;0;0;28;0;0;0;0;0;0;0;0;0;25;0;0;0;0;25;25;0;0;0;29;0;0;0;26;false;0;Gregory Kaidanov vs. Eric-Thierry Petit, Torcy, 1991;Source: http://www.wtharvey.com/m8n2a.html
0;0;0;0;0;18;0;0;17;0;0;0;29;21;0;0;0;17;0;0;0;0;17;17;22;0;0;0;0;17;0;0;0;19;20;30;0;25;0;0;0;0;0;0;0;0;25;0;0;0;0;0;0;27;0;25;0;0;0;29;0;0;26;0;false;0;Arthur Bisguier vs. Fabian Geisler, New York, 1991;Source: http://www.wtharvey.com/m8n2a.html
0;0;0;0;0;0;18;0;0;0;0;0;0;17;0;0;17;0;0;0;20;29;17;30;0;0;0;0;22;0;0;0;0;0;21;0;0;0;25;0;0;0;0;0;0;0;27;25;25;0;17;0;0;29;0;26;0;21;0;0;0;0;0;0;false;0;Josh Waitzkin vs. Luis Hoyos-Millan, New York, 1992;Source: http://www.wtharvey.com/m8n2a.html
0;0;0;0;0;21;0;21;0;17;0;0;0;0;0;0;17;0;17;0;0;17;0;0;0;0;25;0;20;25;17;18;0;0;0;0;29;0;0;0;0;0;0;0;0;0;25;25;25;0;0;28;0;0;26;0;0;0;0;29;0;0;0;0;false;0;Anatoly Karpov vs. Piotr Mickiewicz, Koszalin (Simul), 1997;Source: http://www.wtharvey.com/m8n2a.html
0;0;21;0;0;0;0;0;0;0;29;0;0;0;0;0;0;0;0;19;17;18;17;17;0;0;0;20;27;0;0;0;17;0;0;0;0;25;25;0;0;0;0;0;26;0;0;0;25;0;28;0;0;0;0;25;0;0;0;0;0;0;0;0;false;0;Anatoly Karpov vs. Bidjukova, Voronezh (Simul), 1997;Source: http://www.wtharvey.com/m8n2a.html
0;0;0;0;0;21;18;0;17;17;0;0;0;17;17;17;0;22;0;0;0;0;0;0;0;0;21;28;0;0;25;0;0;0;25;0;0;0;0;0;25;0;0;17;0;30;0;25;0;20;0;0;0;25;0;0;0;29;0;0;29;0;26;0;false;0;Teimour Radjabov vs. Denis Kovaljov, Litohoto, 1999;Source: http://www.wtharvey.com/m8n2a.html
0;0;0;21;18;0;0;21;0;17;29;0;0;17;0;0;20;0;0;28;17;25;17;0;17;0;0;17;0;0;0;0;0;0;0;0;0;0;0;0;0;25;0;0;0;0;0;0;25;0;0;0;0;25;25;25;0;0;0;0;29;0;26;0;false;0;Gadir Guseinov vs. Ernesto Romero, Aviles, 2000;Source: http://www.wtharvey.com/m8n2a.html
0;0;0;0;21;0;0;0;0;20;0;0;21;0;0;17;17;0;0;17;0;0;18;0;25;0;17;25;0;29;0;27;0;0;0;20;0;0;0;0;0;25;0;28;0;0;0;25;0;0;0;19;0;0;25;0;0;0;0;0;0;29;0;26;false;0;Maya Chiburdanidze vs. Roman Slobodjan, Lippstadt, 2000;Source: http://www.wtharvey.com/m8n2a.html
0;0;0;0;21;0;0;0;0;0;0;0;0;17;0;18;0;0;17;0;19;28;17;17;22;0;0;17;0;0;0;0;25;0;20;25;0;0;0;0;0;0;25;0;29;0;0;30;0;0;28;0;0;25;25;25;0;0;0;0;0;0;26;0;false;0;Katya Lahno vs. Sofia Shepeleva, Kramatorsk, 2001;Source: http://www.wtharvey.com/m8n2a.html
0;0;0;0;0;0;29;0;0;0;0;0;0;21;0;18;17;0;0;0;0;0;0;20;0;17;28;0;17;0;0;22;0;25;0;0;0;0;0;0;0;0;0;0;0;21;30;25;0;0;0;0;0;25;0;26;0;0;0;0;0;0;29;0;false;0;Axel Bachmann vs. Vladimir Galakhov, Internet, 2003;Source: http://www.wtharvey.com/m8n2a.html
0;0;0;0;22;0;0;0;0;0;19;0;0;0;0;21;0;0;0;29;0;30;17;18;0;0;0;0;17;0;0;20;0;17;0;0;25;0;0;0;21;28;25;0;0;0;25;0;25;0;0;0;0;25;26;0;0;0;0;0;0;0;0;29;false;0;Rauf Mamedov vs. Michal Olszewski, Warsaw, 2005;Source: http://www.wtharvey.com/m8n2a.html
21;0;0;0;0;0;0;0;0;0;0;0;0;0;29;0;17;17;18;22;21;19;0;28;0;0;17;17;0;0;0;17;25;0;0;0;0;0;0;19;0;0;27;0;0;0;0;0;0;0;0;0;0;0;0;0;0;30;0;29;0;26;0;0;false;0;Kaido Kulaots vs. Felix Levin, Gausdal, 2006;Source: http://www.wtharvey.com/m8n2a.html
0;21;0;0;29;21;0;0;0;0;0;25;0;17;0;18;0;0;0;0;0;29;17;17;22;17;0;0;0;0;0;0;0;0;17;30;0;0;0;0;0;0;0;0;0;0;0;25;0;0;0;0;0;25;25;26;0;0;0;0;0;0;0;0;false;0;Radoslaw Wojtaszek vs. Darcy Lima, Turin, 2006;Source: http://www.wtharvey.com/m8n2a.html
0;0;0;0;0;21;18;21;17;17;0;0;29;17;0;0;0;20;0;17;0;25;20;0;0;0;0;25;0;0;30;0;0;0;19;0;0;0;25;0;0;0;17;0;0;0;0;0;25;0;0;0;0;25;0;0;0;0;0;0;29;0;26;0;false;0;Gustav Neumann vs. Carl Mayet, Berlin, 1866;Source: http://www.wtharvey.com/m8n2b.html
0;0;0;0;0;0;18;0;0;17;0;21;0;17;17;0;17;0;21;0;0;0;20;0;0;0;0;17;25;22;28;0;0;0;17;25;0;0;0;0;30;0;25;0;0;0;0;29;25;0;0;0;25;0;0;26;0;0;0;0;0;0;29;0;false;0;George Rotlevi vs. Hugo Suchting, Carlsbad, 1911;Source: http://www.wtharvey.com/m8n2b.html
0;0;18;21;0;20;0;21;17;17;0;0;0;17;17;17;0;0;17;0;20;0;0;22;0;0;0;0;28;0;0;0;0;0;0;0;30;0;0;0;0;0;25;28;0;0;29;0;25;25;25;0;0;25;25;25;0;0;0;29;0;0;26;0;false;0;Emanuel Lasker vs. Fritz Englund, Scheveningen, 1913;Source: http://www.wtharvey.com/m8n2b.html
21;19;0;0;18;20;0;21;17;17;0;0;0;17;17;17;0;0;0;0;17;0;22;19;0;17;0;0;0;0;28;0;0;0;28;0;0;0;0;0;0;0;0;25;0;0;30;25;25;25;25;0;0;25;25;0;29;0;0;0;26;0;0;29;false;0;Richard Teichmann vs. NN, Berlin, 1914;Source: http://www.wtharvey.com/m8n2b.html
21;0;20;0;0;21;18;0;0;0;17;0;0;17;17;17;17;0;0;0;0;0;0;0;0;17;0;0;0;0;0;0;0;0;0;25;0;0;0;22;0;28;25;0;0;0;20;25;25;25;0;0;0;30;25;0;29;27;28;0;29;0;26;0;false;0;Sery vs. Z Vecsey, Brunn, 1921;Source: http://www.wtharvey.com/m8n2b.html
21;0;0;22;18;20;0;21;0;0;17;0;19;17;17;17;17;0;0;17;0;0;0;0;19;17;0;27;27;0;0;0;0;0;0;0;25;0;0;0;0;28;25;0;0;0;0;0;25;25;0;25;0;25;25;25;29;0;28;0;26;0;0;29;false;0;Johann Berger vs. P Froehlich, Graz, 1922;Source: http://www.wtharvey.com/m8n2b.html
21;0;20;22;0;0;0;21;17;17;17;0;20;0;18;17;0;0;19;0;0;0;17;0;0;0;0;28;0;0;0;30;0;0;0;17;0;0;0;0;0;0;0;0;0;0;0;0;25;25;25;0;0;25;25;25;29;27;28;0;0;29;26;0;false;0;Borislav Kostic vs. Paul Keres, Stockholm, 1937;Source: http://www.wtharvey.com/m8n2b.html
0;0;0;0;21;0;0;0;0;0;22;0;21;17;18;0;17;0;0;0;20;27;0;17;0;0;17;0;0;0;17;0;0;0;0;0;30;25;0;0;0;0;27;0;0;0;0;25;25;25;0;0;0;0;25;0;0;0;0;0;0;29;26;0;false;0;Miguel Najdorf vs. Rodolfo Kalkstein, Montevideo, 1954;Source: http://www.wtharvey.com/m8n2b.html
0;21;0;0;22;0;0;0;0;29;0;0;0;0;0;0;0;0;0;17;0;18;17;0;0;17;17;28;17;0;20;0;17;0;0;0;25;17;0;0;0;0;25;25;0;0;0;0;25;25;0;0;0;25;0;0;0;0;0;0;0;26;0;30;false;0;Pal Benko vs. Erno Gereben, Budapest, 1954;Source: http://www.wtharvey.com/m8n2b.html
21;19;0;22;18;20;0;21;0;0;0;0;17;0;0;17;0;0;17;0;0;19;27;0;17;0;0;0;0;17;0;30;25;17;28;25;0;0;0;0;0;0;0;0;0;0;0;0;0;25;0;0;0;25;25;25;29;0;28;0;26;0;0;29;false;0;Octav Troianescu vs. Cedendemberel Lhagvasuren, Ulan Bator, 1956;Source: http://www.wtharvey.com/m8n2b.html
0;0;0;0;21;0;0;0;17;0;0;21;0;17;0;18;0;0;0;22;0;28;17;17;0;0;0;0;25;0;0;0;0;25;17;17;29;0;0;0;25;0;0;0;0;0;25;0;0;0;0;0;0;25;0;25;0;0;30;0;0;0;26;0;false;0;Dragoljub Velimirovic vs. Dragoljub Ciric, Belgrade, 1963;Source: http://www.wtharvey.com/m8n2b.html
0;0;0;0;0;0;0;0;0;0;0;0;0;0;0;0;17;0;0;0;17;0;0;0;0;0;0;20;0;17;29;0;0;28;0;0;0;25;0;18;0;0;0;0;0;0;0;0;0;0;0;0;21;0;25;26;0;0;0;0;0;0;0;0;false;0;Wlodzimierz Schmidt vs. Heinz Liebert, Polanica Zdroj, 1967;Source: http://www.wtharvey.com/m8n2b.html
21;0;0;0;21;18;19;30;0;17;0;29;0;17;20;0;17;0;0;0;17;22;28;28;0;0;17;0;0;0;0;0;0;0;0;0;0;0;0;0;0;0;0;0;0;0;25;0;25;25;25;0;0;25;0;25;0;0;0;0;29;0;26;0;false;0;Samuel Reshevsky vs. Yasuji Matsumoto, Siegen, 1970;Source: http://www.wtharvey.com/m8n2b.html
21;0;0;0;0;18;21;0;17;20;27;19;0;22;0;17;0;17;0;0;0;0;0;0;0;0;17;0;0;28;25;30;0;0;0;0;0;28;0;0;0;0;0;0;0;0;0;0;25;0;0;0;0;0;0;25;20;0;0;0;0;29;26;0;false;0;Walter Browne vs. Coskun Kulur, Skopje, 1972;Source: http://www.wtharvey.com/m8n2b.html
0;0;0;0;0;29;0;0;0;0;0;0;21;0;21;0;0;17;0;0;0;0;18;0;17;0;17;28;0;0;28;17;25;0;25;0;0;0;0;26;0;0;25;0;17;0;0;0;0;25;0;0;0;0;0;0;0;0;0;0;0;0;0;0;false;0;Boris Spassky vs. Arnulf Westermeier, Germany, 1982;Source: http://www.wtharvey.com/m8n2b.html
0;0;20;22;0;21;18;0;21;0;17;0;20;0;17;19;17;0;0;17;25;0;27;17;0;17;0;28;0;30;0;0;0;0;0;0;25;0;0;0;0;0;25;0;0;0;0;25;25;25;0;0;0;25;25;0;29;0;28;0;29;0;26;0;false;0;Werner Hobusch vs. Liebscher, Corr, 1984;Source: http://www.wtharvey.com/m8n2b.html
0;0;0;21;21;18;0;0;0;0;17;0;0;17;29;0;17;0;0;0;0;19;0;0;0;17;0;25;17;25;0;0;0;0;17;0;0;22;0;25;0;0;0;25;0;28;30;0;25;25;25;0;0;0;0;0;0;0;0;0;0;0;29;26;false;0;Alexey Kuzmin vs. Evgeny Vladimirov, Tashkent, 1987;Source: http://www.wtharvey.com/m8n2b.html
0;0;0;0;0;0;0;0;0;17;0;0;0;30;20;0;17;0;0;0;0;0;17;18;25;0;17;0;17;0;17;0;0;25;0;0;25;0;25;0;0;0;25;0;27;0;0;19;0;0;0;0;0;25;0;25;0;0;0;0;22;28;0;26;false;0;Viktor Korchnoi vs. Lev Gutman, Wijk aan Zee, 1987;Source: http://www.wtharvey.com/m8n2b.html
21;0;20;18;0;0;19;21;17;17;17;17;20;0;0;17;0;0;19;28;0;0;22;0;0;0;0;27;0;0;0;0;0;0;0;0;0;0;0;0;0;0;0;0;0;30;0;0;25;25;25;0;0;0;25;25;0;0;0;0;29;29;26;0;false;0;Alexei Shirov vs. J. Lapinski, Daugavpils, 1990;Source: http://www.wtharvey.com/m8n2b.html
0;0;0;21;21;0;0;18;0;17;17;0;0;0;29;0;17;22;0;0;0;0;0;25;0;0;27;0;19;17;30;0;0;0;0;0;17;0;0;25;0;0;25;25;0;0;0;0;0;25;0;0;0;25;0;0;0;0;26;29;0;0;0;0;false;0;Viktor Bologan vs. G B Prakash, Mamaia, 1991;Source: http://www.wtharvey.com/m8n2b.html
0;0;30;0;0;0;0;0;17;17;0;0;21;18;0;17;0;0;0;17;0;0;17;22;0;0;20;25;0;21;0;0;0;0;0;0;0;29;29;0;0;25;0;0;25;0;0;0;25;28;0;0;0;25;0;25;0;0;0;0;0;0;0;26;false;0;Hoang Thanh Trang vs. Alina Calota, Duisburg, 1992;Source: http://www.wtharvey.com/m8n2b.html
21;0;0;0;19;21;0;18;0;20;0;0;27;17;17;17;17;19;0;0;0;0;0;0;22;0;0;0;17;0;25;0;25;0;17;0;0;0;0;0;29;0;0;0;0;0;0;30;0;25;0;0;25;25;0;25;0;0;28;0;0;29;26;0;false;0;Yuri Shulman vs. Ilia Botvinnik, Minsk, 1994;Source: http://www.wtharvey.com/m8n2b.html
0;0;0;0;0;18;0;21;0;0;0;0;19;17;17;0;17;0;0;0;17;0;0;17;0;0;0;19;25;0;0;25;0;0;0;25;0;0;0;30;0;0;0;27;0;0;0;0;22;28;0;0;26;25;25;0;0;0;29;0;0;0;0;0;false;0;Judit Polgar vs. Evgeny Bareev, Kremlin PCA Rapid, 1996;Source: http://www.wtharvey.com/m8n2b.html
21;0;0;0;18;20;0;21;22;0;0;0;0;0;17;17;17;0;17;0;28;19;19;0;0;17;0;0;30;0;0;0;0;0;0;0;0;0;0;0;0;0;27;0;0;25;28;25;25;25;25;0;0;0;0;0;0;0;26;29;29;0;0;0;false;0;Boris Spassky vs. G Gilquin, Bastia, 1997;Source: http://www.wtharvey.com/m8n2b.html
0;0;22;0;0;20;21;0;0;20;0;0;0;0;21;18;17;0;17;0;17;0;17;17;25;17;25;0;27;17;0;0;0;25;0;25;0;25;25;0;0;28;26;29;0;0;0;30;0;0;0;0;0;0;0;25;0;0;0;0;0;0;29;0;false;0;Evgeny Tomashevsky vs. Artur Mustakaev, St Petersburg, 1999;Source: http://www.wtharvey.com/m8n2b.html
0;0;21;0;0;0;0;0;0;0;0;19;20;18;17;0;0;0;22;0;17;0;17;0;0;17;0;19;0;0;25;0;0;0;0;25;0;0;0;0;0;0;17;0;25;0;27;30;0;25;0;28;0;25;0;0;0;28;0;0;0;0;26;29;false;0;Etienne Bacrot vs. Laurent Fressinet, Besancon, 1999;Source: http://www.wtharvey.com/m8n2b.html
0;0;0;0;0;21;0;0;0;22;17;0;0;17;17;0;20;19;17;18;0;0;0;17;0;0;0;0;27;30;0;0;0;0;25;0;0;0;0;0;0;25;0;0;0;0;0;25;0;0;0;0;0;25;25;0;0;0;0;0;29;0;26;0;false;0;Bathuyag Mongontuul vs. Garcia Vicente, Calvia, 2004;Source: http://www.wtharvey.com/m8n2b.html
0;0;0;21;18;21;0;0;19;17;0;0;20;17;0;17;17;22;0;17;0;17;0;0;0;0;0;25;0;0;0;0;0;0;0;27;0;25;0;0;0;0;0;0;0;0;25;30;25;25;25;29;0;0;0;25;0;26;0;0;29;0;0;0;false;0;Ramon Mateo vs. Raffaele Di Paolo, Genova, 2004;Source: http://www.wtharvey.com/m8n2b.html
0;18;0;0;0;21;0;0;0;0;0;0;29;0;30;0;17;0;0;22;0;21;0;0;0;0;0;0;0;0;0;0;0;0;17;0;28;20;0;0;0;0;0;0;0;29;0;0;17;25;0;0;0;0;0;25;26;0;0;0;0;0;0;0;false;0;M Calzetta vs. K White, Gibraltar, 2005;Source: http://www.wtharvey.com/m8n2b.html
0;0;0;0;0;0;0;29;0;0;0;21;0;0;0;0;0;0;0;0;0;0;0;0;0;0;0;17;18;17;0;17;0;0;0;0;0;27;0;25;20;0;0;0;25;26;0;0;0;0;0;0;0;25;0;0;0;0;0;0;0;0;0;0;false;0;Yuriy Kuzubov vs. Alexander Van Beek, Gibraltar, 2007;Source: http://www.wtharvey.com/m8n2b.html
